Models/Kasen_0.04_0.1_1e-3.0.dat
# %ECSV 0.9
# ---
# datatype:
# - name: time
#   datatype: float64
# - name: sdss_g
#   datatype: float64
# - name: sdss_r
#   datatype: float64
# - name: sdss_i
#   datatype: float64
# - name: Clear
#   datatype: float64
# meta: !!omap
# - comment:
#   - type = Kasen
#   - mass = 0.04
#   - velocity = 0.1
#   - Xlan = 1e-3.0
# schema: astropy-2.0
time sdss_g sdss_r sdss_i Clear
[from data line 184]
16.450000762939453 -5.32673041354915 -8.347183950959739 -10.323069864537644 -11.532570019356083
16.549999237060547 -5.270327153366843 -8.365538800571859 -10.268957124395456 -11.501031642193162
16.649999618530273 -4.601113117045266 -8.336365566753773 -10.215941223979183 -11.48387599650719
16.75 -4.918865460599299 -8.385395982961974 -10.257136860008707 -11.482266613038288
16.850000381469727 -4.7435110454689955 -8.458525514548775 -10.290811523434087 -11.484685502172642
16.950000762939453 -5.383995427448685 -8.383609083573788 -10.188054529597007 -11.457682308439693
17.049999237060547 -4.994688460114229 -8.440762783034057 -10.15189772258055 -11.430651769339676
17.149999618530273 -4.891003082796729 -8.323756128718642 -10.246659980113066 -11.437531994031762
17.25 -4.964854790022404 -8.231493902173213 -10.223520747640574 -11.41864920521708
17.350000381469727 -5.281854184442416 -8.355081786805865 -10.218028506055951 -11.419635537884709
17.450000762939453 -5.121784499990312 -8.330336806932806 -10.192254772936767 -11.387840099937183
17.549999237060547 -4.708617225525561 -8.267629519941735 -10.191862779921198 -11.382077322823942
17.649999618530273 -4.878260835449204 -8.253425015366911 -10.101594029553794 -11.36207238273522
17.75 -5.197040298357383 -8.405682456303698 -10.231067465032506 -11.362267355578929
17.850000381469727 -4.681379679048817 -8.282853878224984 -10.202087441273253 -11.333716240779356
17.950000762939453 -5.168798236686598 -8.222034758465913 -10.12535262128377 -11.33678092280169
18.049999237060547 -4.381033468571005 -8.186879231593633 -10.106042192929191 -11.31599110151528
18.149999618530273 -4.553577718831498 -8.335343023835364 -10.155756098571839 -11.301688704001357
18.25 -5.243295727156109 -8.191587426368734 -10.128660868747534 -11.291131519817675
18.350000381469727 -4.754439030699899 -8.201380356918442 -10.08260686648596 -11.28018481426567
18.450000762939453 -5.207268481719481 -8.1735080051467 -10.110571652643976 -11.256718036651534
18.549999237060547 -4.168302545231416 -8.290729855550264 -10.079065752616131 -11.244263306091817
18.649999618530273 -4.824460681341215 -8.160427797851046 -10.068446553827993 -11.242924036836186
18.75 -4.696192873451231 -8.134708298318579 -10.054998411234447 -11.229649220019056
18.850000381469727 -5.027051573712114 -8.194274120655002 -10.04257852952055 -11.22625096484244
18.950000762939453 -4.716625923965445 -8.213655242418245 -10.039317220477205 -11.198737064155605
19.049999237060547 -4.631347739112805 -8.219747502251064 -9.997840059073173 -11.192547676554717
19.149999618530273 -4.825284438919557 -8.19759583218308 -10.030860227496564 -11.181393131999268
19.25 -5.117347282606751 -8.152397725489504 -10.004337144527792 -11.185896245072971
19.350000381469727 -4.6515705584231455 -8.17310685612965 -9.976205092928815 -11.162763625269871
19.450000762939453 -4.895785529600605 -8.272414160248676 -9.94813502465217 -11.144444564879102
19.549999237060547 -5.17078853301976 -8.147908950021815 -9.976628299014596 -11.13753943011303
19.649999618530273 -5.178944212583694 -8.29342309439144 -9.899137738459025 -11.132344696173341
19.75 -5.0768391660615215 -8.162416072892015 -9.886330234861738 -11.109510142713408
19.850000381469727 -5.032445959342731 -8.241101151843978 -9.855950683023423 -11.121603166623956
19.950000762939453 -5.026424936000421 -8.219862095944194 -9.867309924736482 -11.096315234791966
20.049999237060547 -4.969493176085209 -8.106785140109121 -9.877024898692088 -11.08531190234826
20.149999618530273 -4.248565807304772 -8.160900812052489 -9.83482057878657 -11.075039224107918
20.25 -4.77435034517849 -8.109642896247955 -9.885819051720588 -11.072106746696228
20.350000381469727 -4.877361550870894 -8.068798263207569 -9.885469096616617 -11.043770743457372
20.450000762939453 -5.112405632819286 -8.037101232466512 -9.862553945797284 -11.051355602847647
20.549999237060547 -4.763768509159657 -8.151469097996532 -9.7941312343869 -11.021707971306952
20.649999618530273 -4.88305803457105 -8.06564916650591 -9.789101321216268 -11.029140595532951
20.75 -5.013291839863726 -8.156244591931546 -9.80709565499497 -11.008948315668949
20.850000381469727 -4.858718007616247 -8.12236018050945 -9.763974425865523 -11.006738352112514
20.950000762939453 -5.057249194704401 -8.09149956504572 -9.75108312468912 -10.996942379843574
21.049999237060547 -4.938621711974843 -8.004701544938094 -9.796297337254941 -10.977610901537066
21.149999618530273 -4.786785629859427 -8.124553832869978 -9.717143217995758 -10.96400831463604
21.25 -5.066179279926274 -8.1274955988819 -9.684062360902388 -10.959987905998698
21.350000381469727 -4.863544837235018 -8.065895346180355 -9.763965643362678 -10.94276565558155
21.450000762939453 -4.8084308420232595 -7.992267641153376 -9.65923534508412 -10.916851032067314
21.549999237060547 -4.950993089622077 -8.070622994990565 -9.691924563046165 -10.928122924274899
21.649999618530273 -4.862212186591115 -8.010326658838721 -9.703862509146362 -10.908037153028609
21.75 -5.063347734656322 -8.042127811859935 -9.631495415119144 -10.90465308752874
21.850000381469727 -4.865561572927962 -8.009551093474627 -9.65316533074261 -10.888640085476752
21.950000762939453 -4.83868691871038 -8.118966888874994 -9.648526665393184 -10.886132239934021
22.049999237060547 -4.785091219860387 -8.044757713608305 -9.637827062178324 -10.872586284393467
22.149999618530273 -4.733317920859626 -8.010543312885833 -9.665937174355143 -10.873319840692758
22.25 -4.73658884105523 -8.092755558720281 -9.615495123752286 -10.856962523269772
22.350000381469727 -4.794877871129366 -7.974640763266326 -9.5941876008601 -10.84019693907733
22.450000762939453 -4.859667720094901 -8.046796055675987 -9.54063102424465 -10.832338515701966
22.549999237060547 -4.992976574265384 -7.929261733199201 -9.62643693666302 -10.842163565207553
22.649999618530273 -4.540946431548871 -8.016591889633158 -9.54934609596065 -10.83452034264679
22.75 -4.833013860498909 -7.968967066470206 -9.550488733092621 -10.813072253114708
22.850000381469727 -4.768213827902031 -8.010157498307798 -9.515801629633415 -10.80509844117012
22.950000762939453 -5.267959486389369 -7.861433284241059 -9.560687977732908 -10.788221145675951
23.049999237060547 -4.772417438221932 -7.943586458917945 -9.450426904965976 -10.769817576803618
23.149999618530273 -4.542233145906568 -7.90986234568247 -9.477775369566178 -10.755791248581904
23.25 -4.992553702508506 -7.913187011209903 -9.41276011050979 -10.758265776233191
23.350000381469727 -4.61735190591526 -8.030883887301751 -9.459604145231477 -10.743100612467305
23.450000762939453 -4.906247814909747 -7.916103603035253 -9.378851700906772 -10.727391261666895
23.549999237060547 -5.121447487696088 -7.9841692475926855 -9.427459432770874 -10.722758784021423
23.649999618530273 -4.806907368784135 -7.849709222811246 -9.475879987150876 -10.724121467231203
23.75 -4.9125464707994375 -7.88943101523515 -9.36591697158616 -10.710230849259638
23.850000381469727 -4.709510965910713 -7.919689141211535 -9.229147473713493 -10.6240485517094
23.950000762939453 -4.685873561366467 -7.712236135055342 -9.009472993402149 -10.336327350450524
24.049999237060547 -4.542286560703097 -7.298135580359691 -8.639991413407916 -10.003455671879312
24.149999618530273 -4.2850739308768055 -7.185054426001237 -8.170303724957403 -9.647168355424355
24.25 -4.371702802876982 -6.834112214593304 -7.61124147003283 -9.240075219336589
24.350000381469727 -3.957826979677648 -6.401652742336928 -7.124269023135746 -8.841050699394035
24.450000762939453 -3.290792385543728 -6.0081197447346995 -6.374935160420915 -8.35818397394959
24.549999237060547 -2.6159600027553154 -5.366673250756364 -5.28036974947716 -7.879141756197665
24.649999618530273 -2.9481702294971015 -4.697578053462102 -4.178746644797563 -7.493531704158428
24.75 -3.2104533953356267 -4.298159871648835 -3.6647995856549507 -7.072740680402308
24.850000381469727 -2.299924043183598 -2.9702097269584726 -3.4535165047573386 -6.583362844265022
24.950000762939453 -1.3856166834575507 -4.1332022938902035 -2.468414884340053 -6.377598965742532
