Models/Kasen_0.04_0.1_1e-2.0.dat
# %ECSV 0.9
# ---
# datatype:
# - name: time
#   datatype: float64
# - name: sdss_g
#   datatype: float64
# - name: sdss_r
#   datatype: float64
# - name: sdss_i
#   datatype: float64
# - name: Clear
#   datatype: float64
# meta: !!omap
# - comment:
#   - type = Kasen
#   - mass = 0.04
#   - velocity = 0.1
#   - Xlan = 1e-2.0
# schema: astropy-2.0
time sdss_g sdss_r sdss_i Clear
[from data line 186]
16.649999618530273 -4.560577616070777 -7.869070662932092 -9.864905347082527 -11.562136743553893
16.75 -4.2586443265948795 -7.895617466508298 -9.691594252572475 -11.547166667256558
16.850000381469727 -4.0249424198886 -7.7438078963691765 -9.77886856774844 -11.5334253369059
16.950000762939453 -3.995994935093915 -7.81093253353222 -9.80449061385372 -11.52499921948182
17.049999237060547 -4.463833484534483 -7.74501617718418 -9.797685053592119 -11.520621496392664
17.149999618530273 -4.666066901442477 -7.7145780394194965 -9.805580473278734 -11.49073709993807
17.25 -3.4728772551757743 -7.774231399426213 -9.731177281285916 -11.499964454174158
17.350000381469727 -4.377931629430233 -7.656126970546957 -9.736223904559331 -11.479016990273646
17.450000762939453 -4.256989791032414 -7.857426286622591 -9.770614213767914 -11.467367472076258
17.549999237060547 -4.191386786693094 -7.594800373638435 -9.696019164949774 -11.446360466589702
17.649999618530273 -4.182028074044975 -7.731152889010417 -9.711641613215605 -11.43917023725636
17.75 -4.6281591777755615 -7.778374094300585 -9.714355188754244 -11.407840807220833
17.850000381469727 -3.9139663452445994 -7.766216348094506 -9.689605063851378 -11.415732882964107
17.950000762939453 -4.071956928359576 -7.714827415673184 -9.68066475841297 -11.397098787760328
18.049999237060547 -4.186278508239155 -7.772753337703769 -9.623161133405684 -11.394369017587241
18.149999618530273 -4.161720503417161 -7.580923200301694 -9.675947273305084 -11.358935929878175
18.25 -4.450136406226097 -7.604005165579885 -9.681185869513783 -11.360740901211503
18.350000381469727 -4.289944959967478 -7.606327957661467 -9.670649907028228 -11.351519432821373
18.450000762939453 -4.28047133944937 -7.559375967228803 -9.653586449106719 -11.328509665667859
18.549999237060547 -4.64836125598422 -7.6619982594909 -9.666313355860439 -11.3266540677383
18.649999618530273 -4.567923031211194 -7.699676270809768 -9.58839407633766 -11.310219619977964
18.75 -4.30713604439368 -7.645752953067262 -9.682547432214712 -11.298557157818678
18.850000381469727 -4.7396271898238105 -7.70181680187677 -9.646578146135411 -11.290454767345864
18.950000762939453 -4.843633767687638 -7.813604940999156 -9.587167730887348 -11.28024079022411
19.049999237060547 -3.92327875452321 -7.769837483242426 -9.568818331041786 -11.261956427693754
19.149999618530273 -4.530648762662626 -7.687400141517749 -9.518165572581509 -11.259627258354069
19.25 -4.368808369327919 -7.665278568635671 -9.56032512008106 -11.247622119109671
19.350000381469727 -3.887881528357539 -7.578390565881918 -9.615048811065723 -11.219925378079335
19.450000762939453 -4.616998689614476 -7.558161991904868 -9.516248293199943 -11.219338157039488
19.549999237060547 -4.474512699453474 -7.286647566026929 -9.542522481229181 -11.196111857260536
19.649999618530273 -4.553840185984573 -7.753952112947324 -9.471835204199689 -11.2074665610257
19.75 -4.206317864951764 -7.677723226709475 -9.471681818627008 -11.182188167596571
19.850000381469727 -4.381203464574227 -7.364061490469464 -9.48514942367682 -11.168076329623112
19.950000762939453 -4.2905720771586715 -7.7526552859182125 -9.463902482495122 -11.165728747798056
20.049999237060547 -4.093465029632455 -7.757470355593849 -9.407941334732936 -11.14037963758976
20.149999618530273 -4.086658820190117 -7.548632832436041 -9.401266675806276 -11.145623920117714
20.25 -4.623936860455899 -7.5534069539383495 -9.406294065432846 -11.14340513294443
20.350000381469727 -4.142160335610317 -7.75434665991591 -9.352805391845266 -11.102861004637528
20.450000762939453 -4.672813933617764 -7.649037763500768 -9.33068942683217 -11.095632297948491
20.549999237060547 -4.034747941655446 -7.553800008308581 -9.386576904778913 -11.098267895022762
20.649999618530273 -4.58770373517752 -7.4459554558120615 -9.408236022927134 -11.086702409993237
20.75 -4.584265998970778 -7.77187804119383 -9.379839370718162 -11.077113990897388
20.850000381469727 -4.840431763758371 -7.583548295137835 -9.387964004116757 -11.071019828810392
20.950000762939453 -4.38355560418438 -7.570253836457546 -9.420214610429547 -11.06172400968996
21.049999237060547 -4.763895576936672 -7.526112458204636 -9.334446188357092 -11.057382024184854
21.149999618530273 -4.552136576026076 -7.507759766791626 -9.241223114039325 -11.055604253742437
21.25 -4.405254931500188 -7.543534661204326 -9.299135220767102 -11.02243948223597
21.350000381469727 -4.262574514496606 -7.524878029848665 -9.260396517907715 -11.013726683509134
21.450000762939453 -4.434026500099154 -7.40496560375502 -9.261738262051338 -11.018462985252519
21.549999237060547 -4.638850082305957 -7.607494304141753 -9.246996616558594 -10.998013975170014
21.649999618530273 -4.255976642313808 -7.31481430828272 -9.183587530034721 -10.996688642195046
21.75 -4.449664296409264 -7.5991669237099515 -9.220746507859413 -10.985077036017557
21.850000381469727 -4.377016059073249 -7.474822097521596 -9.147824890354105 -10.975963622657947
21.950000762939453 -4.632920449683361 -7.569869830525377 -9.172297066128365 -10.945556415154716
22.049999237060547 -4.185333204692164 -7.36456091076856 -9.161711786542295 -10.952624818501839
22.149999618530273 -4.089029144868043 -7.534182240031754 -9.097846680421917 -10.929436145001876
22.25 -4.444460226961354 -7.514428577237457 -9.128127617246449 -10.915075299132006
22.350000381469727 -4.775769188630683 -7.55627219524915 -9.152024885839332 -10.905452837314023
22.450000762939453 -4.403553578056055 -7.3951949669577886 -9.120659978774373 -10.904637802490225
22.549999237060547 -4.5369055616056535 -7.416935139579824 -9.089702080116318 -10.891635214682292
22.649999618530273 -4.7241686902729505 -7.479371336518199 -9.110877452990213 -10.891589007962512
22.75 -4.441524901698493 -7.380235508408685 -9.111083526480567 -10.8874136157571
22.850000381469727 -4.007367736695684 -7.487557049344996 -9.003346865471634 -10.871523592963364
22.950000762939453 -4.3477272608694335 -7.566844079584968 -9.037824117172192 -10.852714672678498
23.049999237060547 -3.3728907904397687 -7.538236897097125 -8.958819276473669 -10.851399752708499
23.149999618530273 -4.659657610115151 -7.4727588258127895 -9.000967323608535 -10.848561967802318
23.25 -4.4152285328239 -7.546453041933379 -8.92769517829916 -10.843599407066282
23.350000381469727 -4.510183981722626 -7.441432357538222 -9.006876761733583 -10.812272360073173
23.450000762939453 -4.363617109429516 -7.468023608059678 -8.977203997031094 -10.816969041083873
23.549999237060547 -4.065127628744946 -7.434834015540101 -8.965656336017783 -10.810257375984655
23.649999618530273 -4.691410520925466 -7.413421075389348 -8.954271620039059 -10.805255030123291
23.75 -4.670537588587049 -7.450977625505402 -8.962101953045938 -10.786943233425042
23.850000381469727 -4.5618799975538025 -7.374506611172517 -8.85320671411781 -10.722991532097716
23.950000762939453 -4.1919591843897415 -7.0758346822769695 -8.496531988517624 -10.413204242169183
24.049999237060547 -4.2184385399859785 -6.949256660647578 -8.014252823201645 -10.069560918571653
24.149999618530273 -3.2262578180045764 -6.719035456115126 -7.627252126115721 -9.694661420129293
24.25 -3.5272228399416043 -5.9685187022369846 -7.130153445041838 -9.327710063602161
24.350000381469727 -3.8247689201568917 -5.970219672168156 -6.6664797734228 -8.930859429931953
24.450000762939453 -2.7319104232622244 -5.126932519008708 -5.906068530291616 -8.38237989563023
24.549999237060547 -1.1798928558109623 -5.268048032053571 -4.940850220144785 -7.894831044102297
24.649999618530273 -2.7379047409988644 -4.297615138867627 -4.441115936410224 -7.371782242412312
24.75 -1.92372354024128 -3.7699688808509144 -4.123596592385606 -7.017043129742305
24.850000381469727 -2.4360295916757764 -4.120527700249642 -3.3417774013359534 -6.772732457411923
24.950000762939453 -1.957789590998523 -3.0148532154593823 -3.55886879448391 -6.409408309721176
