Models/Kasen_0.03_0.15_1e-2.0.dat
# %ECSV 0.9
# ---
# datatype:
# - name: time
#   datatype: float64
# - name: sdss_g
#   datatype: float64
# - name: sdss_r
#   datatype: float64
# - name: sdss_i
#   datatype: float64
# - name: Clear
#   datatype: float64
# meta: !!omap
# - comment:
#   - type = Kasen
#   - mass = 0.03
#   - velocity = 0.15
#   - Xlan = 1e-2.0
# schema: astropy-2.0
time sdss_g sdss_r sdss_i Clear
[from data line 185]
16.549999237060547 -5.441604011535389 -7.670060425001886 -9.296479640174667 -11.010032197772652
16.649999618530273 -5.48162519095991 -7.78095055056318 -9.291354220393266 -10.99922466279454
16.75 -5.382085968102004 -7.80808473165672 -9.241778475022954 -10.96010054902959
16.850000381469727 -5.45865743029756 -7.878577154165917 -9.229511600597 -10.948962843172698
16.950000762939453 -5.489293933276361 -7.842069516651982 -9.14808503160458 -10.957264103038732
17.049999237060547 -5.552192352026275 -7.750090529929327 -9.148058804520044 -10.923391192645717
17.149999618530273 -5.540017884501172 -7.760103698216234 -9.172221345986813 -10.916030337998322
17.25 -5.358752294888646 -7.655685676936688 -9.111628842230886 -10.911483523269034
17.350000381469727 -5.352546833583887 -7.67094147339305 -9.061367927287627 -10.902236370821619
17.450000762939453 -5.623331011728133 -7.756003024866274 -9.067865872044255 -10.890335155846227
17.549999237060547 -5.4068975942035635 -7.603715150015397 -9.04971802954094 -10.866330377299484
17.649999618530273 -5.22815005718147 -7.734290631493629 -9.01572549793121 -10.851726335822278
17.75 -5.445752771094604 -7.596659750249238 -9.029663469678813 -10.837305016930504
17.850000381469727 -5.482817745290163 -7.556371314859238 -9.003891697159197 -10.83423482927848
17.950000762939453 -5.5632960445623425 -7.7387489774682905 -9.006001932465601 -10.801278750415296
18.049999237060547 -5.328644521764687 -7.772929710494324 -8.899235081932435 -10.791704595837832
18.149999618530273 -5.403101848931076 -7.565494335639233 -8.87997729199746 -10.789662615103733
18.25 -5.538906055352086 -7.604102505770683 -8.791116856110769 -10.767111051543871
18.350000381469727 -5.279116922909882 -7.6221006715397195 -8.881404430346706 -10.782198016720624
18.450000762939453 -5.37078333187355 -7.518998826922726 -8.90514637163168 -10.754136357306358
18.549999237060547 -5.161255571638641 -7.584255581879653 -8.757945133947103 -10.75229350832517
18.649999618530273 -5.378374147092632 -7.564796000995891 -8.78650649227152 -10.718401421302545
18.75 -5.321588069392298 -7.529328827969309 -8.699350705933476 -10.703239256813376
18.850000381469727 -5.459201336475026 -7.524569325309699 -8.776308741456567 -10.691424543181586
18.950000762939453 -5.231705904963995 -7.42655003363166 -8.736046052698 -10.696747870846721
19.049999237060547 -4.931662255443243 -7.424261609582036 -8.655016069238137 -10.681843074136985
19.149999618530273 -5.194174401360819 -7.495197685446836 -8.626397846746947 -10.675851219043501
19.25 -5.0973337633826645 -7.516636085840254 -8.62540014752205 -10.669265032000013
19.350000381469727 -5.1075203843391925 -7.39178886222107 -8.624969577031429 -10.650882635428225
19.450000762939453 -5.100932984520757 -7.479285441683544 -8.690308886829143 -10.630067039110898
19.549999237060547 -5.168810454327428 -7.4753629883388015 -8.549270200205065 -10.632647432771051
19.649999618530273 -5.133022035248938 -7.42383249764109 -8.53335014441815 -10.619349329893463
19.75 -5.377272785654945 -7.512407334036659 -8.525222101125966 -10.626978548832263
19.850000381469727 -5.031647881891459 -7.408105267851198 -8.53706462935543 -10.59740341267348
19.950000762939453 -5.254997823865864 -7.418026891445731 -8.420746611512339 -10.590804094347298
20.049999237060547 -5.150480047911888 -7.293630106293644 -8.36374723271274 -10.581920542737908
20.149999618530273 -5.223082177011673 -7.465455432074101 -8.4278567602491 -10.579246928457465
20.25 -5.222922093913979 -7.419782330824482 -8.447264963844248 -10.557846376632082
20.350000381469727 -5.260686759386125 -7.289273994371616 -8.346425875984774 -10.525058679701516
20.450000762939453 -5.217141727773402 -7.248337064839635 -7.983279721031241 -10.265403822008146
20.549999237060547 -4.798873190063148 -6.922481479763398 -7.506022907367118 -9.972268200026836
20.649999618530273 -4.858220053612133 -6.679633134223909 -7.192874135271627 -9.6796166332716
20.75 -4.652196384017575 -6.209911330389321 -6.48928558182498 -9.344249097831973
20.850000381469727 -4.308776991303908 -6.276711517091833 -6.460867681998188 -8.983997903071028
20.950000762939453 -3.948023724234801 -5.684281247275678 -5.968450728569607 -8.598690478680037
21.049999237060547 -3.3248376949075507 -4.838652805791117 -5.5463668538092925 -8.10581612248393
21.149999618530273 -3.1047438722446223 -4.280807443683887 -4.806220824109033 -7.634834485907298
21.25 -3.428429096327566 -4.202705653049609 -4.631246215376002 -7.20954802674764
21.350000381469727 -2.4325878968931107 -4.691143176083322 -4.945387970445591 -6.715926564837936
21.450000762939453 -2.628282409940212 -4.523349727166419 -4.912672508791125 -6.385708626006245
21.549999237060547 -1.9803484647246528 -4.515851217964563 -4.041258906527805 -6.08251721350905
21.649999618530273 -0.5527045917457514 -4.814601370792641 -4.067734070536986 -5.928668057145117
21.75 -1.8944235614405152 -4.499600879113181 -3.896937647990864 -5.714973716832759
21.850000381469727 -1.4526556203225027 -4.495325435919899 -2.9303655066380365 -5.418537775255203
21.950000762939453 -1.1436949955923232 -4.08967842356174 -3.014827283307902 -5.234572626674655
22.049999237060547 2.5089784917275146 -3.960287083628238 -2.921911848434682 -5.126235001864412
22.149999618530273 4.493205593167943 -3.713681196486448 -2.295453796858652 -4.966645971277927
22.25 -0.9143681396679089 -2.2012414100984152 1.9969482074951692 -4.657646499337815
22.350000381469727 nan -2.200064919155068 -2.8506812648510085 -4.908986216713874
22.450000762939453 6.309950837917202 -3.2565064294991757 -1.200607532953546 -4.403756561446649
22.549999237060547 nan -1.0753771912732155 -2.308807336418216 -4.260003398458725
22.649999618530273 0.4870148630835782 -1.4699351684922934 -0.9193351153109024 -3.690864527238652
22.75 nan -0.8067508259391225 nan -4.011571981642902
22.850000381469727 nan -0.9526037419642748 -1.125928286816455 -3.7959419461826087
22.950000762939453 5.737642185875787 -1.2688324104999538 -1.0359154183530137 -4.043891927748074
23.049999237060547 4.223574750537468 -2.0274514654746802 6.661786866148996 -3.304533578692606
23.149999618530273 nan nan -0.9451278959972402 -3.3975514540401193
23.25 nan nan nan -3.081507811717003
23.350000381469727 nan nan -0.9237800040343185 -3.14019382617348
23.450000762939453 4.939871282496988 0.43998048563488723 nan -3.2466874853410594
23.549999237060547 nan nan nan -3.6733831265848877
23.649999618530273 nan nan nan -3.381587856286284
23.75 nan -0.8592903200786175 8.22716509119488 -2.618697854785971
23.850000381469727 nan -0.9080777080519518 nan -2.319256479360874
23.950000762939453 nan nan nan -2.4210627145516845
24.049999237060547 nan nan nan -2.623861387752317
24.149999618530273 nan nan nan -2.681736230916691
24.25 nan nan nan -2.1916367610999394
24.350000381469727 nan nan nan -1.8530570078898059
24.450000762939453 nan nan nan -2.2892329772524747
24.549999237060547 nan nan nan -1.5803120943883293
24.649999618530273 nan nan nan -1.1367051890063955
24.75 nan nan nan -1.9171377446871958
24.850000381469727 nan nan nan -1.5673876222405099
24.950000762939453 nan nan nan -1.4914463723813078
