Models/Kasen_0.03_0.1_1e-3.0.dat
# %ECSV 0.9
# ---
# datatype:
# - name: time
#   datatype: float64
# - name: sdss_g
#   datatype: float64
# - name: sdss_r
#   datatype: float64
# - name: sdss_i
#   datatype: float64
# - name: Clear
#   datatype: float64
# meta: !!omap
# - comment:
#   - type = Kasen
#   - mass = 0.03
#   - velocity = 0.1
#   - Xlan = 1e-3.0
# schema: astropy-2.0
time sdss_g sdss_r sdss_i Clear
[from data line 184]
16.450000762939453 -4.670901049271478 -8.250083737592771 -9.928068898867338 -11.140901529976396
16.549999237060547 -4.5769305793017665 -8.112544080421792 -9.998721861235829 -11.118083003878809
16.649999618530273 -4.980767814045187 -8.067876466429173 -9.99185504902838 -11.099444807669254
16.75 -4.829402502773672 -8.023247204419711 -9.962714083503439 -11.093295926602032
16.850000381469727 -5.0366231578768 -8.18522145673451 -9.983139639247433 -11.087348540882346
16.950000762939453 -4.559837890885742 -8.117565194882243 -9.963170126345734 -11.074274712565526
17.049999237060547 -4.66596557095383 -8.158773516388063 -9.979742755804637 -11.054181759635945
17.149999618530273 -4.868422511354112 -8.065700738042707 -9.904610089480176 -11.034590406511278
17.25 -4.660900644809416 -8.137721910533802 -9.85821570385309 -11.009724168380188
17.350000381469727 -4.762649847384015 -8.079191034866362 -9.86128021164442 -11.023697293388487
17.450000762939453 -4.6580945310473325 -8.077655802494458 -9.90311629409733 -11.008013135797245
17.549999237060547 -4.954328136904262 -8.016886786732162 -9.844421757075395 -10.98963209577817
17.649999618530273 -4.871002761609795 -8.096023074551042 -9.838752404098482 -10.982322241403189
17.75 -4.771158953019707 -8.059500381119879 -9.79478670365815 -10.962247633707463
17.850000381469727 -4.7185298723266555 -7.965899931068716 -9.79566648183388 -10.942016056612239
17.950000762939453 -4.632281129536963 -7.950327115656702 -9.791510525802227 -10.939039379996427
18.049999237060547 -4.9019805269052235 -8.021747356334185 -9.77635902924673 -10.938006184101152
18.149999618530273 -4.699644573056688 -7.888719900700906 -9.801102966977382 -10.916868069369137
18.25 -5.11188931479678 -7.961930137252484 -9.770691682073792 -10.897156782161353
18.350000381469727 -4.676142232174975 -8.075916002154656 -9.723935364918223 -10.884440831274148
18.450000762939453 -4.777833842400742 -8.00181639053067 -9.74623274309063 -10.859948078236076
18.549999237060547 -4.717754037012387 -8.008447265709723 -9.720927255349608 -10.858360815224014
18.649999618530273 -4.890535013816901 -7.96813367352642 -9.675066505988568 -10.86464919524986
18.75 -4.772215879813036 -8.01028640982301 -9.677998727090234 -10.848342621348689
18.850000381469727 -4.845728350511987 -8.076635060938749 -9.675405957672872 -10.83310203260055
18.950000762939453 -4.860616396870423 -8.098252709740358 -9.654571161627604 -10.815675802309261
19.049999237060547 -4.689432310355553 -8.065925853298005 -9.65174379864337 -10.791895942521549
19.149999618530273 -4.763446883472014 -7.8978081654767855 -9.59761158514214 -10.782638599695638
19.25 -4.567197622178558 -7.923899257671078 -9.583189664764923 -10.77419234599499
19.350000381469727 -4.850874027260062 -7.838321184183563 -9.557397303166745 -10.781360320865495
19.450000762939453 -4.898326300364129 -7.838033502674421 -9.581527595216976 -10.759994864751139
19.549999237060547 -4.996209704957366 -8.077896327710967 -9.63522633071447 -10.751985615161068
19.649999618530273 -4.746553257271643 -7.912557661151748 -9.508861500444748 -10.722186649865417
19.75 -5.036605809459324 -7.910083834765626 -9.548978616094278 -10.735996724461813
19.850000381469727 -4.881979728874036 -7.849787332795877 -9.503929113020337 -10.722600607002956
19.950000762939453 -4.920707788279362 -7.795139893956733 -9.484770669376385 -10.687063037157781
20.049999237060547 -4.949849131954547 -7.938609499150878 -9.461025255127385 -10.69245281926382
20.149999618530273 -4.8515425945860855 -7.930576055657973 -9.49099570579035 -10.67908499366376
20.25 -4.720661612172268 -7.807886820464859 -9.422962888152135 -10.668593487666833
20.350000381469727 -4.4529682076819235 -7.857756497389765 -9.449481981444489 -10.642012074878561
20.450000762939453 -4.765574597006573 -7.92817636075754 -9.424472682858273 -10.642243838728138
20.549999237060547 -4.633046098888869 -7.827931214696534 -9.346078309807133 -10.62038024407795
20.649999618530273 -4.364382265162533 -7.889809907962885 -9.4276339440555 -10.632491795635438
20.75 -4.637300563766374 -7.891605254259076 -9.414535848184347 -10.59214982587541
20.850000381469727 -5.107852760545569 -7.844408384710569 -9.35175223367149 -10.595435849273027
20.950000762939453 -4.845160924230441 -7.884652893816668 -9.361689596321952 -10.600823628448083
21.049999237060547 -4.995322411797268 -7.755999625733391 -9.322401121701166 -10.582296255240191
21.149999618530273 -4.332729166904009 -7.855555883668927 -9.364112146743029 -10.570842605173741
21.25 -4.746457569735654 -7.917011524249066 -9.358703942563462 -10.569425071727917
21.350000381469727 -4.867450749901018 -7.8132649024588865 -9.253175543248457 -10.542873621238982
21.450000762939453 -4.6096327872394305 -7.809737717124548 -9.285189676579257 -10.538126030538315
21.549999237060547 -4.7466581170978905 -7.7976567472903895 -9.25797159467961 -10.529042931213382
21.649999618530273 -4.6989984339700435 -7.782692563359859 -9.254872979220124 -10.51387938371689
21.75 -4.660264769965909 -7.891930114292254 -9.203117397531258 -10.515139256606219
21.850000381469727 -4.728718053829226 -7.650963448540182 -9.293034590219705 -10.483950372518361
21.950000762939453 -4.696846902601504 -7.791934414922512 -9.174023752672383 -10.486299631158701
22.049999237060547 -4.762546345787783 -7.840074175151223 -9.188686828043604 -10.477177416866557
22.149999618530273 -4.362120658918034 -7.79337173431707 -9.136946162884165 -10.463876233281084
22.25 -4.547477668977873 -7.840752186403254 -9.11814485548787 -10.473211354690093
22.350000381469727 -4.5781953049405075 -7.676762017602304 -9.173671771201196 -10.446662527551297
22.450000762939453 -4.798705793500989 -7.7572244843518305 -9.128590560181664 -10.449245044581367
22.549999237060547 -4.719935382354581 -7.760322747763077 -9.125906503070759 -10.41579135300725
22.649999618530273 -4.658955626895089 -7.757107131526695 -9.127707455429764 -10.417473575869547
22.75 -4.931535715905895 -7.652249663011002 -9.112933034528758 -10.428062656180899
22.850000381469727 -4.490506709101076 -7.713196494590129 -9.070575161599095 -10.398283290143823
22.950000762939453 -4.772271884901308 -7.830856907481561 -9.034285560801194 -10.406675741561259
23.049999237060547 -4.679211510959885 -7.698116714864398 -9.003512212875904 -10.394165324546954
23.149999618530273 -4.467943909604596 -7.652646360142214 -8.958524174757699 -10.380387200944583
23.25 -4.810412735177373 -7.72701444819937 -9.000695655044947 -10.366912362638235
23.350000381469727 -4.525275695811047 -7.538535535037063 -8.933707541011877 -10.337231919636032
23.450000762939453 -5.0031457640708155 -7.801993477021135 -8.950996434503406 -10.338114325387988
23.549999237060547 -4.6750594636231 -7.690384535475911 -8.931606339502693 -10.346565012090146
23.649999618530273 -4.839200016994905 -7.708730438696801 -8.911890218478995 -10.31701500346276
23.75 -4.743163811216185 -7.646655817485634 -8.890272578553969 -10.308659412146952
23.850000381469727 -4.377532749736311 -7.670664967969476 -8.866241560972302 -10.286814692693294
23.950000762939453 -4.697037074269915 -7.626752998307879 -8.892906694298311 -10.294319504600331
24.049999237060547 -4.502719101247365 -7.63235235668019 -8.886255265262129 -10.296928263558165
24.149999618530273 -4.679821428003553 -7.593246394811647 -8.738745791658427 -10.201222694035824
24.25 -4.1358671770351485 -7.383008962473799 -8.376756776120494 -9.878153597889138
24.350000381469727 -4.162921247123435 -7.093830175030636 -7.909751793091786 -9.562758647035203
24.450000762939453 -3.784210918260179 -6.867007275524692 -7.514580775479928 -9.19659278719626
24.549999237060547 -3.582744227811485 -6.576939878456322 -6.947517862959934 -8.833374106796413
24.649999618530273 -3.084477963358598 -6.098928617606944 -6.502946107314642 -8.430507604894064
24.75 -2.645359575488822 -5.579532432985616 -5.906099013428886 -7.956166486409607
24.850000381469727 -1.7273254961486426 -4.905661146812115 -4.85443640421855 -7.421469668166772
24.950000762939453 -2.272310992650283 -4.613755411006476 -3.7521276239764667 -7.030226422188779
