Models/Kasen_0.025_0.2_1e-2.0.dat
# %ECSV 0.9
# ---
# datatype:
# - name: time
#   datatype: float64
# - name: sdss_g
#   datatype: float64
# - name: sdss_r
#   datatype: float64
# - name: sdss_i
#   datatype: float64
# - name: Clear
#   datatype: float64
# meta: !!omap
# - comment:
#   - type = Kasen
#   - mass = 0.025
#   - velocity = 0.2
#   - Xlan = 1e-2.0
# schema: astropy-2.0
time sdss_g sdss_r sdss_i Clear
[from data line 186]
16.649999618530273 -5.710323485994788 -7.07242590560692 -7.677660036885502 -10.134133133120038
16.75 -5.604464691274028 -6.7115462727599855 -7.182317202357371 -9.770515638428236
16.850000381469727 -5.561701777355392 -6.4863886085220415 -6.757766924058075 -9.40959073287905
16.950000762939453 -5.280957137479579 -6.260448206214988 -6.311432870756768 -9.065852550557395
17.049999237060547 -5.35809336439489 -5.933155977583294 -5.654624073616898 -8.622305249577273
17.149999618530273 -5.157816076222517 -5.349196429743738 -5.521784115295876 -8.159054042380976
17.25 -4.704469366847295 -5.297925693088462 -5.163524165199952 -7.621206904522136
17.350000381469727 -4.927471889124693 -5.206851798870353 -4.441492080941348 -7.131028606112199
17.450000762939453 -4.264653082322493 -5.096790372915873 -4.38224828724444 -6.674225867753005
17.549999237060547 -3.4321772127754038 -5.088401673425285 -4.725996779851261 -6.374360900465469
17.649999618530273 -3.2274945644698683 -5.0919557606558 -4.516052075951606 -6.170313084386805
17.75 -3.1437306166546684 -4.907335801887779 -4.34322868354376 -5.995114181027837
17.850000381469727 -2.131566278416919 -4.585014111060591 -4.087326654553557 -5.726944132816129
17.950000762939453 -1.9817076597429164 -3.666310751855523 -2.2546010161193912 -5.400029410403757
18.049999237060547 -0.33461887662730483 -3.7407327847024803 -2.7656606421093812 -5.319094393197659
18.149999618530273 0.3328603110179227 -2.918275693359213 -2.419058775727077 -5.246732121437294
18.25 -0.06473679281512545 -1.7093468588150742 0.10482834896329862 -5.042183019342833
18.350000381469727 3.1807993562449575 -0.7637327354717094 nan -4.789838906103565
18.450000762939453 4.051593917731532 -0.6317835185310336 nan -4.675771557543943
18.549999237060547 -0.056670094262264215 -1.2863397899374593 nan -4.573790814198695
18.649999618530273 6.770775702628125 -0.43088008404727596 nan -4.450412310342191
18.75 nan nan nan -4.384274645023822
18.850000381469727 nan nan nan -4.174946250691406
18.950000762939453 nan nan nan -4.212967655134303
19.049999237060547 nan nan nan -3.6473508504405387
19.149999618530273 nan nan nan -3.6546291828433475
19.25 nan nan nan -3.693166783697041
19.350000381469727 nan nan nan -3.407526298394142
19.450000762939453 nan nan nan -3.196986901483662
19.549999237060547 nan nan nan -3.2375920185286162
19.649999618530273 nan nan nan -2.7562974750677647
19.75 nan nan nan -2.9486473797330817
19.850000381469727 nan nan nan -2.8277658275703565
19.950000762939453 nan nan nan -2.7423058392021105
20.049999237060547 nan nan nan -2.328469907262793
20.149999618530273 nan nan nan -2.3850363976015743
20.25 nan nan nan -2.335730148707391
20.350000381469727 nan nan nan -2.588465408516452
20.450000762939453 nan nan nan -2.1157832807784835
20.549999237060547 nan nan nan -1.8368625645745809
20.649999618530273 nan nan nan -1.412060694782248
20.75 nan nan nan -2.177233848101963
20.850000381469727 nan nan nan -1.1123035726335218
20.950000762939453 nan nan nan -1.7404419449371318
21.049999237060547 nan nan nan -0.7538489556650703
21.149999618530273 nan nan nan -1.3347523836944077
21.25 nan nan nan -1.5149530037106622
21.350000381469727 nan nan nan -1.3121843350636162
21.450000762939453 nan nan nan -1.391819020288402
21.549999237060547 nan nan nan 0.9281931327201729
21.649999618530273 nan nan nan -0.9654120651528899
21.75 nan nan nan 0.23747667765352176
21.850000381469727 nan nan nan nan
21.950000762939453 nan nan nan 0.0008118067457800748
22.049999237060547 nan nan nan 0.8689685086433503
22.149999618530273 nan nan nan 0.22742067233109609
22.25 nan nan nan 0.30733066492074457
22.350000381469727 nan nan nan 0.6924711474534391
22.450000762939453 nan nan nan 0.4383601025236388
22.549999237060547 nan nan nan 0.8322567760160702
22.649999618530273 nan nan nan 0.9227197045329945
22.75 nan nan nan -0.2888437422721637
22.850000381469727 nan nan nan 0.19157811967716043
22.950000762939453 nan nan nan 0.07906376243007784
23.049999237060547 nan nan nan nan
23.149999618530273 nan nan nan nan
23.25 nan nan nan nan
23.350000381469727 nan nan nan nan
23.450000762939453 nan nan nan nan
23.549999237060547 nan nan nan 0.1526305683805944
23.649999618530273 nan nan nan 1.649128119065331
23.75 nan nan nan 1.4527847964424048
23.850000381469727 nan nan nan 1.4479184014039834
23.950000762939453 nan nan nan nan
24.049999237060547 nan nan nan 0.6238729619700472
24.149999618530273 nan nan nan 1.2740054638255174
24.25 nan nan nan nan
24.350000381469727 nan nan nan nan
24.450000762939453 nan nan nan nan
24.549999237060547 nan nan nan nan
24.649999618530273 nan nan nan nan
24.75 nan nan nan nan
24.850000381469727 nan nan nan nan
24.950000762939453 nan nan nan 0.41796639352912734
