Models/Kasen_0.04_0.2_1e-3.0.dat
# %ECSV 0.9
# ---
# datatype:
# - name: time
#   datatype: float64
# - name: sdss_g
#   datatype: float64
# - name: sdss_r
#   datatype: float64
# - name: sdss_i
#   datatype: float64
# - name: Clear
#   datatype: float64
# meta: !!omap
# - comment:
#   - type = Kasen
#   - mass = 0.04
#   - velocity = 0.2
#   - Xlan = 1e-3.0
# schema: astropy-2.0
time sdss_g sdss_r sdss_i Clear
[from data line 184]
16.450000762939453 -6.784960632001649 -8.497560514397325 -9.673606359576933 -10.954786600083995
16.549999237060547 -6.634719389975707 -8.234426015632309 -9.206315116982783 -10.604348107575241
16.649999618530273 -6.286176582013567 -7.917254658518058 -8.830844671041113 -10.252652664322056
16.75 -5.999703712910058 -7.562758271667466 -8.27461831616916 -9.875059565738624
16.850000381469727 -5.864390726533667 -7.278043161100214 -7.788487587819958 -9.467894163426905
16.950000762939453 -5.320682864266864 -6.896115723227254 -6.988278925820456 -9.07192204816338
17.049999237060547 -5.2297893291516075 -5.951922946373866 -6.143054917498155 -8.490548014220082
17.149999618530273 -5.029541091145646 -5.782584783271652 -5.458988631892755 -8.089024487091798
17.25 -4.610956394402184 -5.46027623470577 -5.410296899058519 -7.642011445939161
17.350000381469727 -5.021233207002602 -5.0024717257913345 -5.476996878187965 -7.329583839145158
17.450000762939453 -4.957481966492054 -5.156896543430875 -4.698601945491081 -6.8848426790809185
17.549999237060547 -4.534740801535101 -5.3277554124598865 -4.796284102358829 -6.627203251119198
17.649999618530273 -4.254871051761114 -4.892511081022523 -4.765060072733217 -6.3218189976951855
17.75 -3.9911320418838514 -4.979860344039839 -4.23974717068171 -6.018877720793434
17.850000381469727 -3.6875403885068216 -4.828308034380015 -4.834815276872771 -5.90181072446876
17.950000762939453 -3.303070912772288 -4.874004226105672 -3.4336936446701003 -5.695416926074262
18.049999237060547 -2.4431502884513066 -4.631899885415841 -3.2814638156389044 -5.427737232286823
18.149999618530273 -2.878967119987852 -3.9800728970937556 -2.479560480784407 -5.3140106325008425
18.25 -2.8397365805069796 -4.062822101383766 1.8988389564306534 -5.258737226616727
18.350000381469727 0.529367046320198 -3.9562286970242475 -2.1186337063110408 -5.187813095228503
18.450000762939453 1.6226617282834042 -3.670468098468856 -0.8706527823358208 -4.994037267645417
18.549999237060547 5.444723028113589 -2.954709604215438 nan -4.6100192111350395
18.649999618530273 8.242268721040402 -2.2951659302620477 4.48247520422686 -4.6496690889203265
18.75 -0.9482752740077949 -2.23415252075187 nan -4.771706591986721
18.850000381469727 3.0967915972523077 0.7871910454035191 nan -4.464959231315337
18.950000762939453 3.8902442164555637 -0.4085765885074295 -0.6032831911909753 -4.609160528867921
19.049999237060547 nan -1.3533173913436976 nan -4.482391058815949
19.149999618530273 nan -1.4358165994238004 nan -4.417186249741096
19.25 5.880262853932766 -2.4069144056942235 nan -4.062839501772565
19.350000381469727 4.633313690615582 -0.4849658382033315 nan -4.08502276848629
19.450000762939453 nan nan nan -3.416917458519798
19.549999237060547 nan -1.2273358514070232 nan -4.135330384021245
19.649999618530273 nan -1.3910883976514192 nan -3.1149305553831894
19.75 nan nan nan -3.4832359717065096
19.850000381469727 nan nan nan -3.5902374209781556
19.950000762939453 nan nan nan -3.417935202092117
20.049999237060547 nan nan nan -3.2718211847267398
20.149999618530273 nan nan nan -2.8154382810105716
20.25 nan nan nan -3.2599615575120744
20.350000381469727 nan nan nan -3.12648694987384
20.450000762939453 nan nan nan -2.4010635740483828
20.549999237060547 nan nan nan -2.9321637836105054
20.649999618530273 nan nan nan -1.6210282014042754
20.75 nan nan nan -1.968329470739782
20.850000381469727 nan nan nan -2.4357773065508184
20.950000762939453 nan nan nan -2.1770035585655414
21.049999237060547 nan nan nan -2.5209751270059826
21.149999618530273 nan nan nan -1.4199835124184403
21.25 nan nan nan -2.1475853998379435
21.350000381469727 nan nan nan -0.7499170615257782
21.450000762939453 nan nan nan -1.113035791115415
21.549999237060547 nan nan nan -2.2418465653156225
21.649999618530273 nan nan nan -0.7892590722542785
21.75 nan nan nan -0.7826418593219948
21.850000381469727 nan nan nan -1.0161125018355683
21.950000762939453 nan nan nan -1.1792716298464931
22.049999237060547 nan nan nan nan
22.149999618530273 nan nan nan -1.3575946918370008
22.25 nan nan nan -2.02733607111265
22.350000381469727 nan nan nan nan
22.450000762939453 nan nan nan -0.8137492210892567
22.549999237060547 nan nan nan nan
22.649999618530273 nan nan nan -0.37647181299040255
22.75 nan nan nan nan
22.850000381469727 nan nan nan -0.7930519538530092
22.950000762939453 nan nan nan -1.2096309479600293
23.049999237060547 nan nan nan -0.856704421024876
23.149999618530273 nan nan nan nan
23.25 nan nan nan -0.4923834060002683
23.350000381469727 nan nan nan -0.863977727474385
23.450000762939453 nan nan nan nan
23.549999237060547 nan nan nan 0.14532250228586463
23.649999618530273 nan nan nan nan
23.75 nan nan nan 0.23619092468044656
23.850000381469727 nan nan nan nan
23.950000762939453 nan nan nan nan
24.049999237060547 nan nan nan nan
24.149999618530273 nan nan nan nan
24.25 nan nan nan -0.12600543405238085
24.350000381469727 nan nan nan nan
24.450000762939453 nan nan nan -0.8928567428118015
24.549999237060547 nan nan nan nan
24.649999618530273 nan nan nan nan
24.75 nan nan nan 0.511992503084727
24.850000381469727 nan nan nan -0.2272849918840265
24.950000762939453 nan nan nan nan
