Models/Kasen_0.03_0.03_1e-4.0.dat
# %ECSV 0.9
# ---
# datatype:
# - name: time
#   datatype: float64
# - name: sdss_g
#   datatype: float64
# - name: sdss_r
#   datatype: float64
# - name: sdss_i
#   datatype: float64
# - name: Clear
#   datatype: float64
# meta: !!omap
# - comment:
#   - type = Kasen
#   - mass = 0.03
#   - velocity = 0.03
#   - Xlan = 1e-4.0
# schema: astropy-2.0
time sdss_g sdss_r sdss_i Clear
[from data line 183]
16.350000381469727 -7.438487218354638 -10.47530989706842 -12.02382301763646 -12.034129112879494
16.450000762939453 -7.3440231227017705 -10.519507044073585 -12.015793881255018 -12.012332163755506
16.549999237060547 -7.484369244074841 -10.493339890394989 -12.021130436188603 -12.001007203196654
16.649999618530273 -7.484671328675454 -10.399641265226364 -12.01259459074134 -11.988324052726341
16.75 -7.523317989724209 -10.329037189926591 -11.98712889222022 -11.960199811016949
16.850000381469727 -7.451867329814593 -10.430822862350219 -11.979105971343106 -11.935787149607563
16.950000762939453 -7.430067257392299 -10.420763831813538 -11.958781846659832 -11.922371884908522
17.049999237060547 -7.331417375207614 -10.230179260869711 -11.968661059084162 -11.897864170751376
17.149999618530273 -7.33141073019803 -10.306712261962126 -11.930334577995229 -11.893741367943619
17.25 -7.2339747412449 -10.33025304906009 -11.869204719232208 -11.879974030370626
17.350000381469727 -7.244602431620741 -10.241791274080924 -11.895121020296049 -11.867696147134286
17.450000762939453 -7.230695295354948 -10.309662929844151 -11.896328777516448 -11.85817221596508
17.549999237060547 -7.136993579090323 -10.273134341183258 -11.880931275263649 -11.84722441929221
17.649999618530273 -7.251375554483445 -10.148672281317026 -11.865939311634342 -11.833145931979022
17.75 -7.0829092377379155 -10.208029537250741 -11.865623758317938 -11.817410491922232
17.850000381469727 -7.28805907901441 -10.259020816306641 -11.822088816787861 -11.820012400489023
17.950000762939453 -7.293304010389615 -10.23902531706603 -11.834451588562139 -11.790030743842252
18.049999237060547 -7.138589118835192 -10.17100188927908 -11.85261899623892 -11.792925620244056
18.149999618530273 -7.152368082027966 -10.161265748203618 -11.750663558074383 -11.753300406408187
18.25 -6.972522769181985 -10.164491747605723 -11.826292837379238 -11.76059307601954
18.350000381469727 -7.125134610163666 -10.167756315649804 -11.784473174447903 -11.74353835769606
18.450000762939453 -7.031588667590441 -10.156631021181802 -11.759708940635004 -11.724783856204933
18.549999237060547 -7.045649890483379 -10.14391981986573 -11.765830270661652 -11.723272575855248
18.649999618530273 -7.0701766123779635 -10.077402981405548 -11.7307756093155 -11.71196981332729
18.75 -7.180844872538103 -10.119505659841934 -11.756222656007935 -11.714911409176505
18.850000381469727 -6.732658432206293 -10.035040938049779 -11.731013892324505 -11.670677741834801
18.950000762939453 -7.122335751085863 -10.131079652237009 -11.666159335466439 -11.656507787079722
19.049999237060547 -6.643714410452493 -10.010522590615459 -11.693698737480194 -11.64933237085426
19.149999618530273 -7.04556751586847 -10.067508131874316 -11.706605425080781 -11.654509407596379
19.25 -6.754251793594509 -10.052016992759889 -11.672384846917957 -11.638879571184379
19.350000381469727 -6.7686229415215315 -10.01596793926414 -11.646012523054992 -11.61923790805325
19.450000762939453 -6.6199438955822565 -9.945652982731204 -11.665678840595582 -11.604631492271743
19.549999237060547 -6.786534926591408 -9.9317782235292 -11.627224847149833 -11.591750118673573
19.649999618530273 -6.878002598077746 -10.034485430559414 -11.595619771373809 -11.601168370584062
19.75 -6.61566814467831 -10.022732887260435 -11.626819130262717 -11.588805771112085
19.850000381469727 -6.80568874133845 -9.986293952653845 -11.559295992760234 -11.555976392673891
19.950000762939453 -6.631293107527885 -9.943615356147873 -11.581370886529008 -11.556435002766563
20.049999237060547 -6.624367596560283 -9.943032457202712 -11.59118226835065 -11.542539998953334
20.149999618530273 -6.803805259764623 -9.93481665259224 -11.54817110531014 -11.523364853599222
20.25 -6.663669639122396 -9.857867173741155 -11.581022972061202 -11.514871936417642
20.350000381469727 -6.468177415697106 -9.829999920817396 -11.552617357947739 -11.515439424807898
20.450000762939453 -6.795098631800531 -9.827562508878572 -11.553985877438599 -11.488365759429499
20.549999237060547 -6.725483283878209 -9.86838205579475 -11.514196244160285 -11.48971337728645
20.649999618530273 -6.668782959163824 -9.839487613199125 -11.525542543146777 -11.478618681364981
20.75 -6.889931747200173 -9.754893366645469 -11.503724611736786 -11.460560672253465
20.850000381469727 -6.418718286869961 -9.816172523447218 -11.494167063663333 -11.439216625311754
20.950000762939453 -6.715243291858609 -9.783283046806933 -11.50950710877622 -11.443534651580116
21.049999237060547 -6.442386674189027 -9.816807684272135 -11.497157793375422 -11.431279504775134
21.149999618530273 -6.68579217737145 -9.798447502729019 -11.472313345940584 -11.419248983168288
21.25 -6.818565474575578 -9.833964030299985 -11.450217983181275 -11.411068057606869
21.350000381469727 -6.550343042799312 -9.810329085044717 -11.490451185024124 -11.413253131520825
21.450000762939453 -6.450818456877418 -9.779403658504592 -11.437735694808513 -11.398788003410726
21.549999237060547 -6.331040402278514 -9.764481272604705 -11.424796900791296 -11.36793920961317
21.649999618530273 -6.55178826349583 -9.800589453036132 -11.42260607242127 -11.386545974020585
21.75 -6.4899858459025666 -9.777932369204144 -11.40824083598714 -11.36239344761712
21.850000381469727 -6.4548274260507625 -9.771548093830877 -11.371745907103321 -11.341107357775382
21.950000762939453 -6.5528497238264976 -9.66276184651987 -11.364612901272231 -11.313276246057313
22.049999237060547 -6.427363812206977 -9.735272037311248 -11.333898192779642 -11.318726301215179
22.149999618530273 -6.67527891856119 -9.713426479569709 -11.343858740931218 -11.32343844367783
22.25 -6.252936637358445 -9.722169936551936 -11.326883886873542 -11.309013033812445
22.350000381469727 -6.325456929997824 -9.634116263118287 -11.315141628650526 -11.291372422472566
22.450000762939453 -6.316020135358723 -9.707753607732478 -11.320625336886337 -11.301901408978203
22.549999237060547 -6.300345609622244 -9.635109463729478 -11.337543115042958 -11.298173799508412
22.649999618530273 -6.181557688952193 -9.62795587586826 -11.254777762194863 -11.2572276696668
22.75 -6.141980145214674 -9.596402554083852 -11.2675531520905 -11.247776799590365
22.850000381469727 -6.41252039838621 -9.621967654502498 -11.246891006398755 -11.245556130132623
22.950000762939453 -6.176801272357885 -9.61895931665265 -11.25458294649031 -11.227600449747626
23.049999237060547 -6.215071077911038 -9.601479196242952 -11.259171662453873 -11.231615629032241
23.149999618530273 -6.145846374468274 -9.637822127448018 -11.242551879155513 -11.219612627637716
23.25 -6.234253536034068 -9.530796454532101 -11.224648383816632 -11.21362064016725
23.350000381469727 -6.2366674324316875 -9.41212296594012 -11.196643748061987 -11.181009580096486
23.450000762939453 -6.446384839972499 -9.570084430440367 -11.234729817855293 -11.206376537383004
23.549999237060547 -6.284117111764552 -9.567522628717466 -11.199143296590854 -11.177690409646726
23.649999618530273 -6.294945351566277 -9.480330993915722 -11.18572805921875 -11.183694247819155
23.75 -6.12265681654107 -9.528393491836013 -11.162678428131017 -11.16884580040891
23.850000381469727 -6.23501800513063 -9.556790750666032 -11.17045888332894 -11.148283548765644
23.950000762939453 -6.226662446504054 -9.486521824060361 -11.121629581789168 -11.138774746508272
24.049999237060547 -6.047053033687618 -9.47298730883832 -11.165489103770973 -11.138710571438654
24.149999618530273 -5.950528925884644 -9.508898978910569 -11.097099666059531 -11.129281597026885
24.25 -5.923012389624578 -9.502862301588795 -11.108272728896608 -11.101421094706126
24.350000381469727 -6.189798395410268 -9.46068259651231 -11.136900053381112 -11.104154479384256
24.450000762939453 -5.994657120521595 -9.41618751228463 -11.059627612880245 -11.103774416436224
24.549999237060547 -5.965193750495299 -9.420300000825918 -11.081791907882508 -11.088565852405992
24.649999618530273 -6.0497030362132875 -9.420817069532305 -11.088039209372976 -11.08343978846348
24.75 -6.2945474321543 -9.4196401693481 -11.058461539181188 -11.068912944536088
24.850000381469727 -6.046144806317226 -9.42703511201875 -11.074317778411448 -11.065336347365179
24.950000762939453 -5.906402900845709 -9.343955375505608 -11.031054259636896 -11.028462506527209
