Models/Kasen_0.035_0.1_1e-2.0.dat
# %ECSV 0.9
# ---
# datatype:
# - name: time
#   datatype: float64
# - name: sdss_g
#   datatype: float64
# - name: sdss_r
#   datatype: float64
# - name: sdss_i
#   datatype: float64
# - name: Clear
#   datatype: float64
# meta: !!omap
# - comment:
#   - type = Kasen
#   - mass = 0.035
#   - velocity = 0.1
#   - Xlan = 1e-2.0
# schema: astropy-2.0
time sdss_g sdss_r sdss_i Clear
[from data line 186]
16.649999618530273 -4.178524694237943 -7.633931182964005 -9.634772805262962 -11.373551942691602
16.75 -4.369642882628284 -7.598016486978668 -9.646754670604487 -11.352497851475487
16.850000381469727 -3.880751683831374 -7.6062035780101525 -9.6012785314722 -11.3530243540046
16.950000762939453 -4.551716724090262 -7.6850656536878255 -9.60714164538875 -11.335798594273989
17.049999237060547 -4.342636145098854 -7.672419185588353 -9.677367216973266 -11.332400670192865
17.149999618530273 -4.42030564803807 -7.633092867309848 -9.610136192944594 -11.29593667019838
17.25 -4.698793110531177 -7.7142445507158115 -9.533411888793495 -11.310075630283631
17.350000381469727 -4.518066731303605 -7.469866082008366 -9.628268399499103 -11.300591993963927
17.450000762939453 -4.306238414056629 -7.5133162868008085 -9.531396827628896 -11.276102855851278
17.549999237060547 -4.143594552677811 -7.675538363851583 -9.560800277272751 -11.26349442571454
17.649999618530273 -4.335479805321135 -7.586003110091518 -9.549330594028621 -11.235067800263852
17.75 -4.622293007804018 -7.629976102640914 -9.597653752831235 -11.242603941842031
17.850000381469727 -3.9460432564340238 -7.577362983745516 -9.577015723505497 -11.213109645371208
17.950000762939453 -4.297169136072583 -7.56240987319763 -9.553021510870487 -11.215600272367123
18.049999237060547 -4.848126897351577 -7.414280341636935 -9.574117360654498 -11.217752620359256
18.149999618530273 -4.058599027748187 -7.6834566407093625 -9.573011228133947 -11.183635544068125
18.25 -3.9384284419883606 -7.540242640239093 -9.483979176069973 -11.18219930034951
18.350000381469727 -4.0204330589033574 -7.613573690979155 -9.492613242382795 -11.15633739246623
18.450000762939453 -3.6958695185810484 -7.422428894224712 -9.397589179024433 -11.174637247050928
18.549999237060547 -4.095588205193231 -7.355296224694214 -9.453562149496491 -11.140105409594316
18.649999618530273 -4.113463671037241 -7.567110675115714 -9.374157025688945 -11.121066102398402
18.75 -4.4580355756929 -7.453936359325038 -9.455659156756635 -11.124332005308077
18.850000381469727 -3.8452373701902367 -7.573469175558934 -9.465045137333576 -11.120937638765579
18.950000762939453 -3.9563703232440055 -7.561276810641594 -9.392328083301194 -11.093834060395384
19.049999237060547 -4.161674590328673 -7.433620185003377 -9.424772292025203 -11.065547353903131
19.149999618530273 -4.368505643670126 -7.423536215983216 -9.377993848730885 -11.077313004391979
19.25 -4.382420365529832 -7.30793571454862 -9.371876994659772 -11.049653536736887
19.350000381469727 -4.298292705486922 -7.5573868300865605 -9.365942335415024 -11.032052468313772
19.450000762939453 -4.033090602001071 -7.549256107698454 -9.281528955022406 -11.046356618044172
19.549999237060547 -4.203177840076531 -7.4500772448830475 -9.390598773293696 -11.023570823189004
19.649999618530273 -4.354910073609773 -7.449318796618886 -9.333994768359894 -11.017096201101932
19.75 -3.9177299243515975 -7.512394198176828 -9.29189583950583 -11.005837761362017
19.850000381469727 -4.302081219389571 -7.470263189172336 -9.263030486887267 -10.986504699934578
19.950000762939453 -4.124072109478146 -7.455437762707081 -9.247655212711066 -10.977970980763956
20.049999237060547 -4.172002767388978 -7.3752366858775105 -9.275630569414588 -10.973278126984368
20.149999618530273 -4.170265211255593 -7.449069202741676 -9.218295345117351 -10.96378009895004
20.25 -4.177634075344248 -7.582607372174898 -9.185109103896274 -10.93545625230811
20.350000381469727 -4.384719650251387 -7.299037081982373 -9.127947828433758 -10.94113591346552
20.450000762939453 -4.259778695016514 -7.295872047971365 -9.161284738838496 -10.924704752738336
20.549999237060547 -4.201948725646357 -7.217879357585993 -9.139689819735409 -10.916372127615503
20.649999618530273 -4.563392378566977 -7.3518684586498395 -9.153465832106601 -10.90637710283099
20.75 -4.485699281869191 -7.300411788196339 -9.124551015919788 -10.887429900794466
20.850000381469727 -4.313752122680679 -7.255009672972818 -9.164962245667084 -10.889708694602213
20.950000762939453 -4.6576198055749884 -7.241465762592018 -9.132183462342837 -10.875564148946083
21.049999237060547 -4.344548617647153 -7.206064247856446 -9.088954818310434 -10.867510584713248
21.149999618530273 -4.226374645267935 -7.436377980319055 -9.07456462720841 -10.85358981196967
21.25 -4.529820164066805 -7.369260639729141 -9.045012407671162 -10.8411026283854
21.350000381469727 -4.331758242679999 -7.356247508399186 -9.130926261836816 -10.845778603664279
21.450000762939453 -4.250046420926424 -7.265938857415794 -8.992460683905282 -10.825687737350087
21.549999237060547 -4.406762586168291 -7.344894637266616 -8.962716791023734 -10.80988975962795
21.649999618530273 -4.456133950634424 -7.4471996823579225 -8.974687062989332 -10.812269968463124
21.75 -4.271028222572745 -7.379142058754827 -8.990888558474339 -10.793735011213776
21.850000381469727 -4.06316731574228 -7.277092924360062 -8.970459276801304 -10.79042556844879
21.950000762939453 -4.3150552814987435 -7.358258614696354 -8.90716249251826 -10.770761816163837
22.049999237060547 -4.5799142421988535 -7.233978106077942 -8.901754980607489 -10.745209289045597
22.149999618530273 -4.255296961739717 -7.352681034041677 -9.023684727953928 -10.767520786254426
22.25 -4.3137006837438925 -7.35765976168506 -8.94579298285813 -10.750415764534981
22.350000381469727 -4.266990992334783 -7.366893384563156 -8.844507627251879 -10.73928070121302
22.450000762939453 -4.375445763393962 -7.3635742051243085 -8.887929731876177 -10.724853019301396
22.549999237060547 -3.8565389066929114 -7.391498490478966 -8.853901027022356 -10.705417855940734
22.649999618530273 -4.117008440725549 -7.292451723890736 -8.840951554732428 -10.698593674108654
22.75 -4.290633847193472 -7.264001925325253 -8.766834178293088 -10.687695398108481
22.850000381469727 -3.884965400462775 -7.339647565283517 -8.803864858556025 -10.697156844343457
22.950000762939453 -4.257134155269114 -7.238392651595781 -8.749390851319244 -10.682449768872555
23.049999237060547 -4.544981004020226 -7.2673366699298185 -8.818002090210353 -10.666769396819067
23.149999618530273 -3.959746421515728 -7.208192133312046 -8.763494010475696 -10.657376236287611
23.25 -4.146602378116825 -7.322071728535111 -8.778465603726016 -10.657420975120047
23.350000381469727 -4.560594625988557 -7.241037498473673 -8.646577098706764 -10.640482190691806
23.450000762939453 -4.379298772387685 -7.233878487698632 -8.708400322103635 -10.630364216347541
23.549999237060547 -4.125080515932385 -7.17602221522095 -8.574052464800594 -10.63171932543424
23.649999618530273 -4.492585862571232 -7.281638185293552 -8.606910938203526 -10.610983855939295
23.75 -3.5905721131843897 -7.290861906600899 -8.673061464313548 -10.606703683469114
23.850000381469727 -3.9325278270042716 -7.1426544837157415 -8.515727320916579 -10.535961900320725
23.950000762939453 -3.3575652457886704 -7.052551346918733 -8.237095264820667 -10.213456416074955
24.049999237060547 -3.1477343556157322 -6.800325291137927 -7.73831354892755 -9.893784527578418
24.149999618530273 -3.4699719619839016 -6.428609535390887 -7.295383314166294 -9.54566172014415
24.25 -3.25395051062349 -6.2493213270070385 -7.0223893799607175 -9.154056084035009
24.350000381469727 -3.0409448154280376 -5.902445137432068 -6.26151481966966 -8.746095759824168
24.450000762939453 -2.6767801072876587 -5.182174538003597 -5.574092720656658 -8.25551477626226
24.549999237060547 -2.9230574807911616 -5.111034535284535 -4.723488826283923 -7.743265983836363
24.649999618530273 -2.0768817306459795 -4.750030719684069 -3.9510483524922897 -7.243980133693043
24.75 -1.9482656210482716 -4.331120087649076 -2.300055863748259 -6.851651793902565
24.850000381469727 -2.341045198458481 -4.13446658594081 -3.9160109185222645 -6.490594319417767
24.950000762939453 -2.8435598222957523 -4.042758329654326 -3.0849963681251964 -6.141326034302015
