Models/Kasen_0.03_0.1_1e-2.0.dat
# %ECSV 0.9
# ---
# datatype:
# - name: time
#   datatype: float64
# - name: sdss_g
#   datatype: float64
# - name: sdss_r
#   datatype: float64
# - name: sdss_i
#   datatype: float64
# - name: Clear
#   datatype: float64
# meta: !!omap
# - comment:
#   - type = Kasen
#   - mass = 0.03
#   - velocity = 0.1
#   - Xlan = 1e-2.0
# schema: astropy-2.0
time sdss_g sdss_r sdss_i Clear
[from data line 185]
16.549999237060547 -4.205084392829939 -7.774759687898133 -9.542963299065896 -11.18919878232873
16.649999618530273 -4.3171637916048695 -7.632886173696182 -9.439258915277925 -11.16003748454057
16.75 -4.028310782111497 -7.516341347147641 -9.495389419625798 -11.155716038843778
16.850000381469727 -4.233490838790264 -7.473191965275113 -9.522064209166231 -11.150381499384373
16.950000762939453 -4.162141193204548 -7.397466844049511 -9.503005067659252 -11.135727366604211
17.049999237060547 -3.378263673598912 -7.449751738541533 -9.50128429092522 -11.128044250664448
17.149999618530273 -3.9531770814669223 -7.508579852405436 -9.486263009534547 -11.105549949088395
17.25 -4.564834662093041 -7.493293720628433 -9.509781024666037 -11.095267875606876
17.350000381469727 -4.723021097307473 -7.579991871686772 -9.42346478729565 -11.088861875093894
17.450000762939453 -4.387965958376348 -7.4516944849012035 -9.436269451023861 -11.07570156187937
17.549999237060547 -4.154599044630768 -7.462659435466463 -9.439959453834476 -11.059484163437261
17.649999618530273 -4.20230402468351 -7.50596614078604 -9.35073737566615 -11.04157687705679
17.75 -4.0372954771420275 -7.52835120609214 -9.292043125941603 -11.03179267819348
17.850000381469727 -4.018003374899138 -7.494521872313669 -9.310102553413152 -11.017122297769035
17.950000762939453 -3.7011666777477252 -7.286019847226505 -9.387955948462224 -10.999969491309102
18.049999237060547 -3.9182708002932536 -7.516879491231883 -9.295389451417464 -10.992607614257938
18.149999618530273 -4.428319548152686 -7.46921875827563 -9.33806927198821 -10.998692735826332
18.25 -4.280389403243682 -7.4108137914914 -9.307607311575534 -10.963849562587153
18.350000381469727 -3.9185740466470094 -7.394201977611445 -9.259563679821802 -10.953453193170581
18.450000762939453 -3.7114365306739465 -7.454583646420488 -9.300140449535323 -10.943339203344237
18.549999237060547 -4.333354416542527 -7.324874520694081 -9.258474031373488 -10.949303676063856
18.649999618530273 -4.040832216159181 -7.338788303730681 -9.186599077569252 -10.936429313301566
18.75 -4.340301311385257 -7.2542977958862735 -9.191498359040175 -10.913134544311575
18.850000381469727 -4.012796311754105 -7.505163974733062 -9.21847157275398 -10.910863721574046
18.950000762939453 -4.029002135340644 -7.409534821093121 -9.20262299367559 -10.890262640260826
19.049999237060547 -4.2193070003922095 -7.368325866366948 -9.175401556791336 -10.889152162945578
19.149999618530273 -4.145575347473709 -7.405408855609366 -9.163085821704748 -10.868416461059446
19.25 -4.476310834143639 -7.416720387287533 -9.124571233047547 -10.855293229036505
19.350000381469727 -4.030659665670864 -7.395134096530224 -9.101960399794319 -10.849646908249355
19.450000762939453 -4.457258571318999 -7.4217731695282225 -9.097452263877525 -10.836164530639035
19.549999237060547 -3.879261376863159 -7.39488733955228 -9.057636914873175 -10.816802419271802
19.649999618530273 -4.104348319120213 -7.446755557854409 -9.123749650056038 -10.8159893739004
19.75 -4.2520000766987245 -7.199417104150228 -9.00817193309068 -10.793998547325923
19.850000381469727 -3.747408939629853 -7.319766494433978 -9.05706601673803 -10.798672674832993
19.950000762939453 -4.0027088650954425 -7.443330664985027 -8.956218093597855 -10.777090826338892
20.049999237060547 -4.22125078970614 -7.363183077642493 -9.064657205394102 -10.752920198523107
20.149999618530273 -4.366435273112074 -7.321142265197665 -8.903664355747893 -10.752263522314855
20.25 -4.262732282383428 -7.233383102074299 -8.994292174563764 -10.723600322594073
20.350000381469727 -4.204538633888813 -7.324856790070015 -9.033188873320622 -10.72481252682693
20.450000762939453 -3.930336412243779 -7.305584683552389 -8.961587434140341 -10.716421689708557
20.549999237060547 -3.8542630722545965 -7.293895695245368 -9.00086035722569 -10.71000570181733
20.649999618530273 -4.239922376216988 -7.151030921615774 -8.89913994538512 -10.679037327692683
20.75 -4.341326886218848 -7.135718960675682 -8.89637634322543 -10.699472632001878
20.850000381469727 -4.289792264622854 -7.315390245881304 -8.894710411806699 -10.663765649018288
20.950000762939453 -3.7977641853476136 -7.2529298542407865 -8.846903056797562 -10.671805740233687
21.049999237060547 -3.439477637602849 -7.312534132505739 -8.916467836851378 -10.667272666663564
21.149999618530273 -4.158951659483783 -7.307337192523207 -8.810173483807997 -10.661008068153382
21.25 -4.166318343859878 -7.335244937738718 -8.864760985863928 -10.661856259571554
21.350000381469727 -4.062965914584844 -7.2076743071537415 -8.764865093779303 -10.633842273854128
21.450000762939453 -4.4150649434809175 -7.273436290352777 -8.715613289605702 -10.610777937238083
21.549999237060547 -4.093790906633895 -7.3146858687604706 -8.793617985191457 -10.626056650883527
21.649999618530273 -4.410203683838098 -7.155210792623048 -8.77145559016627 -10.59536217399435
21.75 -4.243530557991548 -7.085010004945836 -8.723933822675303 -10.58581468074616
21.850000381469727 -4.285202994285296 -7.197030723331004 -8.714719277213547 -10.575818260339894
21.950000762939453 -4.033813318889038 -7.283083276395807 -8.63600101401643 -10.551695748953886
22.049999237060547 -3.534163684628311 -7.2281103053976175 -8.657246695322918 -10.556564481502374
22.149999618530273 -4.196588866621418 -7.211587290260489 -8.62323653638224 -10.537635299599629
22.25 -4.111437080033117 -7.2215544055204575 -8.615686039613273 -10.524594908104593
22.350000381469727 -4.353486742691334 -7.3025632414190085 -8.614783264709736 -10.522609205887694
22.450000762939453 -4.065839972820836 -7.13794489485165 -8.507640344895137 -10.522048284805685
22.549999237060547 -4.270041907407894 -7.260152513361646 -8.589974249705818 -10.510074221440899
22.649999618530273 -4.102071943103265 -7.117992631285556 -8.559055384560608 -10.497387662366098
22.75 -4.1388265456321065 -7.112270612656822 -8.564241167776203 -10.506199646444884
22.850000381469727 -4.22872488401341 -7.170304156606257 -8.556056981182675 -10.476190070427592
22.950000762939453 -4.230897646679175 -7.136651999097936 -8.500206727755995 -10.474392542144397
23.049999237060547 -3.9639223948606066 -7.287100419322705 -8.49967779615669 -10.476798864006632
23.149999618530273 -4.192887466534387 -7.038263047624927 -8.457007233258032 -10.457354108813004
23.25 -4.101360615244726 -6.993940996574196 -8.502491866265824 -10.43470155128852
23.350000381469727 -4.084356415572966 -7.193183588281329 -8.464938000370065 -10.436528786113382
23.450000762939453 -4.110498861561656 -7.040132401466163 -8.456228738368342 -10.429184663607565
23.549999237060547 -3.8612042093018495 -7.035585760406093 -8.342407173128223 -10.434150251939137
23.649999618530273 -4.307101233374613 -7.100576279539986 -8.464075998436215 -10.420522381035237
23.75 -4.034264508524171 -7.022980220274228 -8.353521031634358 -10.400584637456454
23.850000381469727 -4.394639457472987 -7.033483272031319 -8.39747850043219 -10.387182017553712
23.950000762939453 -4.323866894376476 -7.099307216375944 -8.405188605279772 -10.375546140766847
24.049999237060547 -3.4903964952057187 -7.108135441481146 -8.30925526149402 -10.368892242104543
24.149999618530273 -4.044819671680713 -6.9975061392605085 -8.29527691225686 -10.294397189608134
24.25 -3.970092571414071 -6.75556273242627 -7.832967278493758 -9.977359005679507
24.350000381469727 -3.664045018668162 -6.602250420369597 -7.426611139749756 -9.669210446266199
24.450000762939453 -3.3157292351089325 -6.3219008507447185 -6.9116145321407565 -9.314211262783964
24.549999237060547 -2.75924891999205 -5.668646405818791 -6.521392112437347 -8.950242608141025
24.649999618530273 -2.3763311072967994 -5.575998956298886 -5.748621692454211 -8.518777265313627
24.75 -2.543012725305651 -4.847285043844167 -5.094046247496614 -8.024599903118006
24.850000381469727 -2.1421520512606804 -3.91304031605981 -4.171410387280915 -7.523766016266428
24.950000762939453 -1.7970596832732753 -4.2745563703505525 -4.389366804987201 -7.002956234728384
