Models/Kasen_0.03_0.2_1e-2.0.dat
# %ECSV 0.9
# ---
# datatype:
# - name: time
#   datatype: float64
# - name: sdss_g
#   datatype: float64
# - name: sdss_r
#   datatype: float64
# - name: sdss_i
#   datatype: float64
# - name: Clear
#   datatype: float64
# meta: !!omap
# - comment:
#   - type = Kasen
#   - mass = 0.03
#   - velocity = 0.2
#   - Xlan = 1e-2.0
# schema: astropy-2.0
time sdss_g sdss_r sdss_i Clear
[from data line 185]
16.549999237060547 -5.973751308314224 -7.685057096380447 -8.635805544519709 -10.760730046423873
16.649999618530273 -5.893348535280531 -7.467840978114392 -8.40107504932421 -10.597916566248323
16.75 -5.844680294722075 -7.271063639182767 -7.827401783445211 -10.237638330529855
16.850000381469727 -5.36805872034293 -6.795670474038779 -7.479056185073887 -9.89844697786382
16.950000762939453 -5.186769609255929 -6.481622850400949 -6.966509986960983 -9.528401791330513
17.049999237060547 -4.926523927316165 -5.990797709662296 -6.466320277998541 -9.132415741637594
17.149999618530273 -4.911468055469424 -5.86766074539333 -5.849619767063029 -8.69505649856982
17.25 -4.49473221775623 -4.946488229999474 -5.451777773727883 -8.142939600912285
17.350000381469727 -4.563272585094886 -5.16650401756111 -5.134178738772164 -7.628329297152572
17.450000762939453 -4.376765019371135 -5.0496406973581855 -5.126431466328903 -7.220492680351121
17.549999237060547 -3.9944564746355056 -4.803929583893336 -5.163410248946846 -6.787689380761542
17.649999618530273 -3.465495580853915 -5.170712991486184 -4.661961619590265 -6.529363954820639
17.75 -3.2943261233569174 -4.582453088450119 -4.215702729738872 -6.212411064250688
17.850000381469727 -3.0389982733849656 -4.585125053868605 -4.106146541875631 -5.988612988673314
17.950000762939453 -2.7285134579177566 -4.859434840250998 -3.563060072748037 -5.643279184594249
18.049999237060547 -2.470110146660005 -4.820957314449327 -1.6258297171308822 -5.64043817894941
18.149999618530273 -2.2513231765955233 -3.139317762895267 -2.429291904120152 -5.420792587910423
18.25 -1.6117126322806783 -3.619671445989937 -2.0620510717989937 -5.226323129088879
18.350000381469727 -1.4250936868892463 -2.996756341459264 -2.039074606504986 -5.2379692508822835
18.450000762939453 -0.8841323619763273 -2.7847662086781426 -1.6383709972347198 -4.899566210711981
18.549999237060547 nan nan nan -4.661613982221731
18.649999618530273 1.287316669560484 -1.6084651583028702 -1.2090474462401897 -4.697739900969566
18.75 nan nan -2.2072833835851107 -4.58851757135308
18.850000381469727 nan -1.696267784343103 nan -4.333280318522149
18.950000762939453 nan -1.102736336320179 7.983719074953319 -4.238171457525457
19.049999237060547 nan -0.9950768739716906 nan -4.168636355767905
19.149999618530273 nan nan nan -4.12630603774365
19.25 nan nan nan -3.846912825417906
19.350000381469727 nan nan nan -3.4374656275262865
19.450000762939453 nan nan nan -3.3435629461048855
19.549999237060547 nan nan nan -3.275113636216826
19.649999618530273 nan nan nan -3.3442392003270953
19.75 nan nan nan -2.651567857147576
19.850000381469727 nan nan nan -2.4829511998144334
19.950000762939453 nan nan nan -2.455507030488125
20.049999237060547 nan nan nan -2.6350932293971674
20.149999618530273 nan nan nan -2.226789495951788
20.25 nan nan nan -2.955996799654283
20.350000381469727 nan nan nan -2.2397593485584117
20.450000762939453 nan nan nan -1.7884571502070692
20.549999237060547 nan nan nan -1.8896976722849068
20.649999618530273 nan nan nan -2.2888722055004997
20.75 nan nan nan -1.7275995397127595
20.850000381469727 nan nan nan -2.3444404337248415
20.950000762939453 nan nan nan -1.6856861046812206
21.049999237060547 nan nan nan -1.8795515044157938
21.149999618530273 nan nan nan -0.9600120625629067
21.25 nan nan nan -1.6842153291434805
21.350000381469727 nan nan nan -1.2336347140703836
21.450000762939453 nan nan nan -1.3440506614363912
21.549999237060547 nan nan nan -1.1744666878055483
21.649999618530273 nan nan nan nan
21.75 nan nan nan 0.5921634234345348
21.850000381469727 nan nan nan -1.7624140258314682
21.950000762939453 nan nan nan -0.9091280530627941
22.049999237060547 nan nan nan -1.0428397017736764
22.149999618530273 nan nan nan 0.6393169191334778
22.25 nan nan nan -0.5586458667385941
22.350000381469727 nan nan nan 0.07689293156794719
22.450000762939453 nan nan nan -1.1054207958588194
22.549999237060547 nan nan nan 1.5586251267801572
22.649999618530273 nan nan nan nan
22.75 nan nan nan nan
22.850000381469727 nan nan nan 0.16620080665594728
22.950000762939453 nan nan nan nan
23.049999237060547 nan nan nan 1.1340765014705987
23.149999618530273 nan nan nan nan
23.25 nan nan nan 0.7549281803826773
23.350000381469727 nan nan nan -0.018168411718050947
23.450000762939453 nan nan nan 0.6337724813243781
23.549999237060547 nan nan nan nan
23.649999618530273 nan nan nan nan
23.75 nan nan nan 0.3267947170925751
23.850000381469727 nan nan nan 0.4834568385652709
23.950000762939453 nan nan nan nan
24.049999237060547 nan nan nan nan
24.149999618530273 nan nan nan 1.173327280733865
24.25 nan nan nan nan
24.350000381469727 nan nan nan -0.12600439054867962
24.450000762939453 nan nan nan -0.3098350071370639
24.549999237060547 nan nan nan nan
24.649999618530273 nan nan nan nan
24.75 nan nan nan nan
24.850000381469727 nan nan nan 0.745763409936302
24.950000762939453 nan nan nan nan
