Models/Kasen_0.03_0.2_1e-4.0.dat
# %ECSV 0.9
# ---
# datatype:
# - name: time
#   datatype: float64
# - name: sdss_g
#   datatype: float64
# - name: sdss_r
#   datatype: float64
# - name: sdss_i
#   datatype: float64
# - name: Clear
#   datatype: float64
# meta: !!omap
# - comment:
#   - type = Kasen
#   - mass = 0.03
#   - velocity = 0.2
#   - Xlan = 1e-4.0
# schema: astropy-2.0
time sdss_g sdss_r sdss_i Clear
[from data line 182]
16.25 -7.66626879465392 -10.028248285362594 -10.645103835836363 -10.564101842135798
16.350000381469727 -7.709863164982597 -10.023270147078382 -10.722790266512433 -10.569222702805689
16.450000762939453 -7.542750978526378 -9.988651825168493 -10.64701377783889 -10.531682221706308
16.549999237060547 -7.620981305124904 -9.951420083502747 -10.585240337254067 -10.513620159786868
16.649999618530273 -7.481819671183537 -9.788174491467043 -10.351465754835726 -10.322045362796246
16.75 -7.196529221859425 -9.44517172024409 -9.917591147572352 -9.961017883840434
16.850000381469727 -6.667238700603843 -9.179731985074419 -9.464235681292436 -9.620878937523251
16.950000762939453 -6.275531892465253 -8.73369044376421 -8.976963703796947 -9.22687056738674
17.049999237060547 -5.870961490513174 -8.359956276423194 -8.491381151016675 -8.892248587400413
17.149999618530273 -5.258308122320976 -7.82592261626224 -7.825674739892801 -8.415958922633965
17.25 -4.456893501567325 -7.204985732651828 -6.898024108602616 -7.906596384687351
17.350000381469727 -4.188175571842077 -6.254181510681523 -6.285344615782563 -7.418246695381487
17.450000762939453 -3.735402390016162 -5.446271014180034 -5.532254628935018 -7.037111875101807
17.549999237060547 -3.416669983624974 -4.502039975763662 -4.7337649000733535 -6.6691623362114605
17.649999618530273 -2.6677871856136264 -3.6522041568479438 -4.533157101872693 -6.347999992871344
17.75 -2.123161718237135 -2.442416564307372 -2.6227716932222975 -5.9975807607272245
17.850000381469727 -2.750415732086555 -2.532528481954099 -3.5188689070304804 -5.540910445234914
17.950000762939453 -2.4669696738150364 -2.615008168759406 -2.289585521628279 -5.353421817848396
18.049999237060547 -1.9385854480168803 -2.35728373404023 0.24142586103450725 -4.945267613343187
18.149999618530273 -1.916259370909497 -2.2063625645586384 -2.4383130045406993 -4.976500578021842
18.25 -0.761742537819325 -1.416212680565776 -3.135051211319059 -4.625656054671403
18.350000381469727 -1.3666660228367729 -0.7498431645490129 -3.0144320307107932 -4.585510818237246
18.450000762939453 -1.8542070957291585 6.110738354277348 -2.5192663905246633 -4.323712757949828
18.549999237060547 -1.478621280817963 -2.23293781975714 -2.3646925123629963 -3.962058563312219
18.649999618530273 -1.6451742562121066 -1.7979092314487382 -2.668079378413289 -3.63998192546725
18.75 -1.8124549331679702 -1.7028273021847227 6.413825994387338 -4.025158646408187
18.850000381469727 -0.8478402269135668 -1.347886584974244 -2.191445375552094 -3.654199085690017
18.950000762939453 -0.9146053454853238 -1.1605176265816723 -0.9885849078690772 -3.7961535588817448
19.049999237060547 -0.289063384576032 -0.321886084525163 -1.0435292433984635 -3.3232150244555925
19.149999618530273 -0.3328824127413146 -0.7585239364613088 nan -3.41073245492764
19.25 5.9537649720405135 -1.8100537727236983 -0.827357195477699 -3.4744863094237495
19.350000381469727 -0.10860948414922866 -0.49069217113679287 -0.9813197609935891 -3.190933001271258
19.450000762939453 7.628562645414472 -0.6062824253208419 -0.9153576229425049 -2.901486058663398
19.549999237060547 1.6697500332964914 -1.0669923406196702 -0.44433381367905156 -3.136465609612877
19.649999618530273 -1.0451502941564303 -0.6301413729508365 nan -2.395257907384238
19.75 8.910041691881815 -1.4835808486217736 -1.0458881082142213 -3.002469259975129
19.850000381469727 4.139042975976665 -1.067271161610595 0.1000010110882279 -2.943436339275653
19.950000762939453 nan -1.5930216921540286 4.414275416175135 -2.274861546528097
20.049999237060547 nan nan nan -2.7371758438604097
20.149999618530273 nan nan nan -2.698553159077104
20.25 -0.1692806821808741 -0.6057951710284435 -1.1378473245829213 -2.2443949559761833
20.350000381469727 nan -1.4043342746352785 nan -2.624966775199031
20.450000762939453 nan nan nan -2.349758547391623
20.549999237060547 nan nan nan -1.8169424592319423
20.649999618530273 nan nan nan -1.3526542603416374
20.75 nan nan nan -2.0436290335712357
20.850000381469727 nan nan nan -1.853535110375578
20.950000762939453 nan nan nan -1.9287761580289349
21.049999237060547 nan nan nan -1.856847089151703
21.149999618530273 nan nan nan -1.218486684073369
21.25 nan nan nan 0.4518109859355022
21.350000381469727 nan nan nan -1.2954518620769022
21.450000762939453 nan nan nan -1.511875912165312
21.549999237060547 nan nan nan -1.625077975381064
21.649999618530273 nan nan nan -0.9603292749145993
21.75 nan nan nan -1.2176123488695367
21.850000381469727 nan nan nan -0.19337441850569093
21.950000762939453 nan nan nan -0.727359380060328
22.049999237060547 nan nan nan -0.03201539908191009
22.149999618530273 nan nan nan nan
22.25 nan nan nan 1.5209846474075857
22.350000381469727 nan nan nan -0.2655692396689595
22.450000762939453 nan nan nan 0.257136600274265
22.549999237060547 nan nan nan 0.7394910637687424
22.649999618530273 nan nan nan nan
22.75 nan nan nan nan
22.850000381469727 nan nan nan -0.723395259019231
22.950000762939453 nan nan nan 0.10759044218996294
23.049999237060547 nan nan nan -0.9682474222633104
23.149999618530273 nan nan nan nan
23.25 nan nan nan 0.6861779012001641
23.350000381469727 nan nan nan 0.2560179671768985
23.450000762939453 nan nan nan nan
23.549999237060547 nan nan nan nan
23.649999618530273 nan nan nan -0.4897712182550933
23.75 nan nan nan nan
23.850000381469727 nan nan nan nan
23.950000762939453 nan nan nan 0.10718742353495969
24.049999237060547 nan nan nan -0.5014423705764983
24.149999618530273 nan nan nan nan
24.25 nan nan nan nan
24.350000381469727 nan nan nan 0.26789352356228946
24.450000762939453 nan nan nan 0.48708999091866545
24.549999237060547 nan nan nan 0.6183358731672364
24.649999618530273 nan nan nan 0.5849287585226683
24.75 nan nan nan -0.037087113660334126
24.850000381469727 nan nan nan nan
24.950000762939453 nan nan nan 0.567488784379627
