Models/Kasen_0.04_0.1_1e-1.0.dat
# %ECSV 0.9
# ---
# datatype:
# - name: time
#   datatype: float64
# - name: sdss_g
#   datatype: float64
# - name: sdss_r
#   datatype: float64
# - name: sdss_i
#   datatype: float64
# - name: Clear
#   datatype: float64
# meta: !!omap
# - comment:
#   - type = Kasen
#   - mass = 0.04
#   - velocity = 0.1
#   - Xlan = 1e-1.0
# schema: astropy-2.0
time sdss_g sdss_r sdss_i Clear
[from data line 188]
16.850000381469727 -3.0271173416315733 -7.352228410179812 -9.373929344041386 -11.648899826569206
16.950000762939453 -3.530452387054602 -7.20773804335597 -9.444556737657962 -11.590925069440178
17.049999237060547 -3.555803793362813 -7.064732359428895 -9.377400466042033 -11.579643326408888
17.149999618530273 -4.306392449911474 -7.150905846652492 -9.376843469434245 -11.561537378872195
17.25 -3.5638742896717197 -6.913898983055237 -9.376298626213668 -11.5457602301864
17.350000381469727 -4.321466666024811 -7.343424301932757 -9.370241686425796 -11.523132911548803
17.450000762939453 -4.080064291595001 -7.28228403618111 -9.251254899807101 -11.513138011376444
17.549999237060547 -3.1805156541419457 -7.134036887442839 -9.355656425430709 -11.499395849675775
17.649999618530273 -4.160317549252262 -7.156851888842155 -9.398801796385378 -11.480648719637664
17.75 -4.008490468132848 -7.143948204595205 -9.307844758540003 -11.483623343996825
17.850000381469727 -4.211050891986147 -7.244790713777654 -9.324300288459714 -11.477111923728085
17.950000762939453 -2.9199281340294263 -7.178524544145983 -9.25578965613067 -11.448863124619066
18.049999237060547 -3.5037061625412207 -7.152947884787139 -9.246112523148536 -11.427507769853996
18.149999618530273 -3.9190232464835866 -7.21554133286886 -9.3002805202517 -11.428353248414101
18.25 -4.171967991883061 -7.202012018357074 -9.31665303238962 -11.433780284639788
18.350000381469727 -3.1374334436283107 -7.394741440900429 -9.222124778694095 -11.406133085383438
18.450000762939453 -3.8708084476724736 -7.1165606738516765 -9.281147744412316 -11.393945948008408
18.549999237060547 -4.243382783093981 -7.211614294963059 -9.190469952899825 -11.383111542420416
18.649999618530273 -4.088683371463958 -7.072746304833689 -9.198409630092328 -11.36060541937617
18.75 -3.7070441257088405 -7.094909478378291 -9.188188610536486 -11.369151903909405
18.850000381469727 -4.014599308195564 -7.161634958866518 -9.178142817817712 -11.343188854154153
18.950000762939453 -3.4647454873730688 -7.141225358311722 -9.120138638297298 -11.332645012530815
19.049999237060547 -3.877806970949109 -7.261511551411026 -9.118389485124062 -11.327244016284162
19.149999618530273 -3.669345426247574 -7.039504490050032 -9.191961723979091 -11.315903020670671
19.25 -3.8205957356406905 -6.898343546613809 -9.091392608624176 -11.295406966206464
19.350000381469727 -3.2713269940608427 -7.041799317435121 -9.201094236757356 -11.30396091278213
19.450000762939453 -2.6480409845535746 -7.189819974460729 -9.069032898190649 -11.268164651711054
19.549999237060547 -3.242907100500137 -7.027195241793482 -9.148739973709144 -11.265200202835178
19.649999618530273 -4.451190875893801 -7.127785639458544 -9.105098318438678 -11.233029728506747
19.75 -3.9342542635906526 -6.864606512462522 -8.954459831025545 -11.229209366228954
19.850000381469727 -3.857940378850408 -7.182941774636895 -8.99287794384652 -11.229697527299273
19.950000762939453 -4.1163295083281035 -7.100089246505842 -8.918889879252877 -11.237671446122821
20.049999237060547 -3.7773544764375977 -6.9406315964711 -9.115693293591587 -11.21642917838475
20.149999618530273 -3.637271880498883 -7.011885320748842 -8.979470022917077 -11.219880751283366
20.25 -3.9224311073434173 -7.102031221617249 -8.933249616741328 -11.19596348244093
20.350000381469727 -3.703028028035831 -6.9800688180904515 -8.964190794570598 -11.175689941565683
20.450000762939453 -3.98538287097427 -7.148407288902309 -8.95634777572834 -11.161064253984812
20.549999237060547 -3.6221277882886014 -6.915569195143092 -8.929729628522551 -11.163711445154178
20.649999618530273 -3.883271397671063 -7.1766676515312255 -8.901373615369156 -11.129714056079376
20.75 -3.3415413255756903 -6.982271893275616 -8.893434800425815 -11.129680127486601
20.850000381469727 -3.7151848985826064 -6.938182838034784 -8.833005267906554 -11.122091473302156
20.950000762939453 -3.833981648033337 -7.042118067739128 -8.899352003198334 -11.126290358795096
21.049999237060547 -3.502381619938852 -7.036252204144901 -8.907962076585349 -11.09846652975212
21.149999618530273 -3.594264772583582 -6.9243824807755345 -8.834518673637643 -11.091094945322464
21.25 -3.9854823481793176 -6.951500857865309 -8.769718333499029 -11.094887148890155
21.350000381469727 -4.017609532148178 -6.929033636048587 -8.86746159661627 -11.096411328282286
21.450000762939453 -3.784276510335207 -7.10561393788608 -8.699554723130227 -11.05923008962209
21.549999237060547 -3.958628973315985 -6.951720397847975 -8.709116591207014 -11.036054719627668
21.649999618530273 -3.9986934439184587 -6.931633997876489 -8.683854650737885 -11.040763170514666
21.75 -4.232315453586114 -6.865798018865544 -8.746077005744151 -11.037728676078324
21.850000381469727 -4.01681357006866 -6.790339763209587 -8.76488391275922 -11.040653490809675
21.950000762939453 -3.954909759357239 -7.10978586883942 -8.778345714193101 -11.021049397001992
22.049999237060547 -3.468506326051571 -6.851072748861149 -8.719839001436075 -11.016215305670578
22.149999618530273 -2.412465073349452 -6.979306878776502 -8.659458129329366 -10.999533369465027
22.25 -3.561886203237897 -6.926249804617036 -8.658618939845638 -11.003640168566555
22.350000381469727 -3.39439782269303 -6.907592698382768 -8.623412413965163 -10.98646388835758
22.450000762939453 -3.4388589927702498 -6.910192110889557 -8.59176619559171 -10.971723307917074
22.549999237060547 -3.5049586259791354 -6.908766456017027 -8.559660885083517 -10.960965907247566
22.649999618530273 -4.411245100813748 -6.77440469336015 -8.631629010254606 -10.969562499775307
22.75 -4.169526830849879 -7.023028547245637 -8.481883461648327 -10.95114513482439
22.850000381469727 -4.023611793034046 -7.015287089934759 -8.4880424351202 -10.92614455788917
22.950000762939453 -4.026154564537112 -6.808327848532553 -8.479309843493713 -10.926316175657924
23.049999237060547 -4.324382209913285 -6.771992735252063 -8.349040532855703 -10.909337073164544
23.149999618530273 -3.962496550959372 -6.743523178023182 -8.387541641165107 -10.894614278620764
23.25 -3.2750225453693815 -6.909159069604229 -8.522920998172605 -10.890781483661819
23.350000381469727 -3.946555390099242 -7.008882568813199 -8.416995958061761 -10.901485125123294
23.450000762939453 -3.106933642933427 -6.948121823363003 -8.480181114178627 -10.868974422338958
23.549999237060547 -3.9986903989509237 -6.765764750100459 -8.371032062902124 -10.868910583078808
23.649999618530273 -4.041427152204381 -6.926749332796099 -8.417700293070514 -10.875951439267382
23.75 -3.4312197631039396 -6.677692281624562 -8.316406482975797 -10.855928753663676
23.850000381469727 -3.631795528427965 -6.836288194336468 -8.304923023347644 -10.862200513280321
23.950000762939453 -3.7589720751908153 -6.54390507870356 -8.192743522939594 -10.847438445005658
24.049999237060547 -3.5181096432430223 -6.90119510491839 -8.28729938313801 -10.779322156452746
24.149999618530273 -4.068920737201669 -6.487592955453028 -7.919910495323734 -10.49537128658297
24.25 -3.300210146732006 -6.4093466012988785 -7.4469810250507535 -10.142450397416606
24.350000381469727 -3.3644977089228227 -6.067094979415661 -7.209536543085839 -9.798761991562323
24.450000762939453 -3.576674906929888 -5.716791813177558 -6.568091570714877 -9.455719610253542
24.549999237060547 -2.8162891450819174 -5.540050093883586 -5.912817938850303 -9.030093786922695
24.649999618530273 -2.072516135685447 -5.325821729442474 -5.283420388313324 -8.491642234457345
24.75 -2.4696527261433054 -4.669265285907198 -4.968426791648202 -8.059732087551147
24.850000381469727 -2.022248142672826 -2.850993381573659 -3.533775934720925 -7.6190575994599605
24.950000762939453 1.3461542991412756 -4.0332307762755555 -2.8103475008302112 -7.271962625394082
