Models/Kasen_0.04_0.1_1e-1.5.dat
# %ECSV 0.9
# ---
# datatype:
# - name: time
#   datatype: float64
# - name: sdss_g
#   datatype: float64
# - name: sdss_r
#   datatype: float64
# - name: sdss_i
#   datatype: float64
# - name: Clear
#   datatype: float64
# meta: !!omap
# - comment:
#   - type = Kasen
#   - mass = 0.04
#   - velocity = 0.1
#   - Xlan = 1e-1.5
# schema: astropy-2.0
time sdss_g sdss_r sdss_i Clear
[from data line 185]
16.549999237060547 -4.116376156097388 -7.530383495125797 -9.65715561343761 -11.609086950776302
16.649999618530273 -4.138912943830899 -7.540749876815024 -9.579119582844054 -11.60108007163985
16.75 -3.7847354101968094 -7.694365280369617 -9.513228201931149 -11.57505296041575
16.850000381469727 -4.225987156512463 -7.369144746679325 -9.561728291212649 -11.567441205923938
16.950000762939453 -4.119958590348656 -7.463441771127364 -9.592654078495446 -11.539814404694983
17.049999237060547 -4.576662769408358 -7.641745965034982 -9.603227202947842 -11.522120285438561
17.149999618530273 -4.410079841827475 -7.332978891566388 -9.59588223704582 -11.530475388587622
17.25 -3.3931805305747353 -7.301440889878371 -9.55695210436868 -11.515160060498488
17.350000381469727 -3.4517841234477586 -7.388950543012982 -9.541714830629154 -11.51261336560345
17.450000762939453 -4.364940200621756 -7.52360237574133 -9.604946279698847 -11.480574739773807
17.549999237060547 -2.1938998142321786 -7.535853436350692 -9.45069391898954 -11.486807923571376
17.649999618530273 -3.8623361380420747 -7.473973322065056 -9.527300100405704 -11.45609501889042
17.75 -4.162970286955002 -7.491685781844097 -9.548185453476599 -11.454416203467822
17.850000381469727 -3.6539545755148986 -7.401777149021726 -9.492233632182462 -11.450583579279801
17.950000762939453 -4.378453474141672 -7.672944548630493 -9.440813442566078 -11.426478887638062
18.049999237060547 -3.075853345347298 -7.5130117138982655 -9.491885470111484 -11.411121058671416
18.149999618530273 -4.373481494376005 -7.5347837831457625 -9.452634067138838 -11.41412519717148
18.25 -4.294886355873722 -7.564078366339878 -9.48769546416797 -11.38778393139523
18.350000381469727 -3.674154436726031 -7.3600237339343515 -9.39881247893625 -11.37050726795654
18.450000762939453 -4.266404206810147 -7.328679848126704 -9.468139232197199 -11.36238824545736
18.549999237060547 -4.308868346158228 -7.4239648899378246 -9.387735435166693 -11.342668299941053
18.649999618530273 -4.453054469424238 -7.391239054101522 -9.496821100968006 -11.33258953026872
18.75 -3.791026560749035 -7.555566975072807 -9.402950153106026 -11.326804681581965
18.850000381469727 -3.927166531090439 -7.17877995151364 -9.416972804402928 -11.321144077464226
18.950000762939453 -4.787478649528598 -7.245297976317321 -9.373389850877615 -11.304431216233347
19.049999237060547 -4.664629796797026 -7.382605900200819 -9.285364043356541 -11.280155255112504
19.149999618530273 -4.771083497174256 -7.428668439910197 -9.358375103308777 -11.275158417992294
19.25 -4.026533689517507 -7.426494020307846 -9.373129531186947 -11.273002715070813
19.350000381469727 -4.068856790503499 -7.34768250624175 -9.312431222899995 -11.254049715245799
19.450000762939453 -4.099656232190746 -7.46131232484705 -9.278393201692936 -11.257260131649272
19.549999237060547 -4.185455218674168 -7.413842617271293 -9.299401403083696 -11.246351360547216
19.649999618530273 -4.192411682685968 -7.364125281893241 -9.31290575802872 -11.22334708239103
19.75 -4.074164380925602 -7.412935490545987 -9.276204435936975 -11.21966509442137
19.850000381469727 -4.041361470352623 -7.497784378103802 -9.28236516090017 -11.215952692635966
19.950000762939453 -4.267249903525471 -7.40378069997336 -9.21547874837378 -11.187771040756278
20.049999237060547 -4.458044890415785 -7.440766787981101 -9.207674155497465 -11.191784515150943
20.149999618530273 -4.113720628182925 -7.268264526372501 -9.207400324338643 -11.169641766282481
20.25 -4.136047574455411 -7.321973083955903 -9.130006706269103 -11.141590583243751
20.350000381469727 -4.364383520228998 -7.2988341875042195 -9.157533615691072 -11.125912024138678
20.450000762939453 -4.194280518260648 -7.3793013871124415 -9.080125434645659 -11.135227705877249
20.549999237060547 -4.338334132231953 -7.19891493431302 -9.178672853025077 -11.129297885912923
20.649999618530273 -3.697355228232201 -7.3148154213995085 -9.188731113338985 -11.106598335726364
20.75 -4.317133865346971 -7.122531845216582 -9.080844540022358 -11.083651862566281
20.850000381469727 -3.801941442541235 -7.319403020969897 -9.024142279158568 -11.0828286153155
20.950000762939453 -4.050434442854378 -7.312414726798448 -9.00781810248428 -11.087826245125804
21.049999237060547 -4.182624938907001 -7.230545696180503 -9.088803247056067 -11.073601207505739
21.149999618530273 -3.7973143634205613 -7.282106689206977 -9.070512224972049 -11.075756375999099
21.25 -3.9414686914257544 -7.217974286797343 -9.060623219884047 -11.061014013474551
21.350000381469727 -4.325089346112232 -7.306480966809694 -8.98882006717374 -11.027457322556803
21.450000762939453 -4.258475930804266 -7.069532312368384 -8.983110936450739 -11.03587150591084
21.549999237060547 -4.182454087763325 -7.314318325901347 -8.996000931728446 -11.036132228848423
21.649999618530273 -4.1432081563980745 -7.228544540808944 -8.959826440217725 -11.02470203129117
21.75 -4.420669816199798 -7.37991987638658 -8.916592701191576 -11.01821917874775
21.850000381469727 -4.430592684454211 -7.10818698807444 -8.965018953231532 -11.00869811457546
21.950000762939453 -3.873369408747333 -7.195758798980936 -8.902279705712818 -10.98256617681064
22.049999237060547 -4.640172759104711 -7.029694650250164 -8.827563743421727 -10.961177189847948
22.149999618530273 -4.191400288872263 -7.075511148172048 -8.839020522815208 -10.964610229185713
22.25 -4.307920309597979 -7.3544524799006865 -8.884371053000443 -10.952431511629051
22.350000381469727 -3.8234867333099842 -7.27678345998963 -8.853654562417475 -10.942416853675223
22.450000762939453 -4.535594594229792 -7.156988802721187 -8.834040618485627 -10.936949654054693
22.549999237060547 -3.9283207803030606 -7.171119860489281 -8.80692813683725 -10.919354419310608
22.649999618530273 -4.106948575362743 -7.1998736470644005 -8.865551547421884 -10.914923791028098
22.75 -4.322504412034473 -7.131647569170479 -8.815067492789908 -10.899271039861759
22.850000381469727 -4.287895112457267 -7.1222987967728315 -8.685275764337387 -10.900283435012042
22.950000762939453 -4.343587504133769 -7.2405358228106245 -8.758295364266662 -10.893517993046977
23.049999237060547 -4.117612112757694 -7.063203941627581 -8.733754844723052 -10.905607607721901
23.149999618530273 -3.731804308166101 -7.070779278156252 -8.705402828113286 -10.885855637051137
23.25 -4.373021702714535 -7.100113558995531 -8.747109309920589 -10.890884094851742
23.350000381469727 -4.395754572067972 -7.174519074931293 -8.648820903942088 -10.86775877071414
23.450000762939453 -4.385583086284399 -7.045324808487479 -8.678335277913419 -10.861331485475045
23.549999237060547 -4.574390008117497 -7.1098219274129875 -8.661605844778503 -10.854295268071475
23.649999618530273 -4.290139065356932 -7.221937088380173 -8.541720692436026 -10.854306524765619
23.75 -4.1354450481646765 -7.137240251872512 -8.492850937238607 -10.819971062571856
23.850000381469727 -4.191785737636689 -7.007872411549425 -8.630119924092874 -10.828328009552244
23.950000762939453 -3.65363844615252 -7.107304732242039 -8.539297303905542 -10.802234881201802
24.049999237060547 -3.5858407371336867 -7.1365632125244645 -8.572927416850327 -10.794439478606016
24.149999618530273 -4.2678150777885016 -6.944861829218201 -8.483789311778555 -10.721503252095825
24.25 -4.375610303362652 -6.708917223140425 -8.076822406583748 -10.404623572593135
24.350000381469727 -3.4892546485195624 -6.662455525305038 -7.7624905058225835 -10.069536819119286
24.450000762939453 -3.176197447388965 -6.321422035740987 -7.317554927740829 -9.744789758989576
24.549999237060547 -3.4450627514539356 -6.159068524406187 -6.741127031255246 -9.347800099565603
24.649999618530273 -3.4637243326066027 -5.75889741018721 -6.115731755624033 -8.924337287488413
24.75 -2.982882612846126 -5.576574532844244 -5.187528457177617 -8.514421657201567
24.850000381469727 -2.7528110994765775 -4.925474511357329 -4.608155805480443 -7.958631627128941
24.950000762939453 -2.4160977968254294 -4.760933639499537 -4.283337121567431 -7.581605126215983
