Models/Kasen_0.03_0.1_1e-3.0.dat
# %ECSV 0.9
# ---
# datatype:
# - name: time
#   datatype: float64
# - name: sdss_g
#   datatype: float64
# - name: sdss_r
#   datatype: float64
# - name: sdss_i
#   datatype: float64
# - name: Clear
#   datatype: float64
# meta: !!omap
# - comment:
#   - type = Kasen
#   - mass = 0.03
#   - velocity = 0.1
#   - Xlan = 1e-3.0
# schema: astropy-2.0
time sdss_g sdss_r sdss_i Clear
-1.9500000476837158 nan nan nan nan
-1.850000023841858 nan nan nan nan
-1.75 nan nan nan nan
-1.649999976158142 nan nan nan nan
-1.5499999523162842 nan nan nan nan
-1.4500000476837158 nan nan nan nan
-1.350000023841858 nan nan nan nan
-1.25 nan nan nan nan
-1.149999976158142 nan nan nan nan
-1.0499999523162842 nan nan nan nan
-0.949999988079071 nan nan nan nan
-0.8500000238418579 nan nan nan nan
-0.75 nan nan nan nan
-0.6499999761581421 nan nan nan nan
-0.550000011920929 nan nan nan nan
-0.44999998807907104 nan nan nan nan
-0.3499999940395355 nan nan nan nan
-0.25 nan nan nan nan
-0.15000000596046448 nan nan nan nan
-0.05000000074505806 nan nan nan nan
0.05000000074505806 -9.190196214478505 -9.08078187044977 -8.883320512221555 -9.352423400360212
0.15000000596046448 -12.88634604553533 -13.262416841180467 -12.99100917841482 -13.07391355892075
0.25 -13.492067168360443 -14.074364374010319 -13.739733168240619 -13.762141935246337
0.3499999940395355 -13.77994617831088 -14.478861750018115 -14.196053856437473 -14.127807634860627
0.44999998807907104 -13.891646418064123 -14.746354822269794 -14.47336078432999 -14.353024933802836
0.550000011920929 -13.910303685402482 -14.947907778732368 -14.69087465199905 -14.516458000336225
0.6499999761581421 -13.845926360777568 -15.082029585123895 -14.856123953670668 -14.628259333889357
0.75 -13.639277270146366 -15.203889615080172 -14.969398248926929 -14.700780025236668
0.8500000238418579 -13.48438675396465 -15.257420483479851 -15.068455626679338 -14.75728121527776
0.949999988079071 -13.327534025699634 -15.289983045245172 -15.128736738451035 -14.79698188888948
1.0499999523162842 -13.13905681031514 -15.28887534845186 -15.17914945831366 -14.818217605890577
1.149999976158142 -12.941798942903056 -15.270427367994287 -15.201208622408483 -14.826331689107125
1.25 -12.824943482115078 -15.221584440386934 -15.231583850521044 -14.832406412867496
1.350000023841858 -12.720095601730467 -15.174219551569486 -15.23862999124659 -14.831484798900568
1.4500000476837158 -12.603634329274719 -15.114937740207893 -15.239286809365986 -14.828269289428349
1.5499999523162842 -12.44833822793505 -15.012104028142929 -15.195688556636803 -14.799315527389197
1.649999976158142 -12.31908798991962 -14.91127994624166 -15.171722119135708 -14.780337175725002
1.75 -12.216484867534021 -14.78778025863419 -15.139701947247673 -14.761145389025376
1.850000023841858 -12.022603204108897 -14.644515667578059 -15.057825320671391 -14.72609888933264
1.9500000476837158 -11.96681844558605 -14.47940450898767 -14.996490114876025 -14.696282731951023
2.049999952316284 -11.700294125724675 -14.329438977505983 -14.91780153685417 -14.661057959828991
2.1500000953674316 -11.64231026857463 -14.176487667957314 -14.84851122425188 -14.63429188857393
2.25 -11.395188955849939 -14.0314413033554 -14.767663748988639 -14.600290948741794
2.3499999046325684 -11.371109735931054 -13.886339986567876 -14.692768937389033 -14.569727035211436
2.450000047683716 -11.044745648624879 -13.760904959170247 -14.611516064171575 -14.53109566611122
2.549999952316284 -10.937442432514363 -13.658827854135787 -14.509945615093756 -14.494717236799236
2.6500000953674316 -10.825627191843587 -13.522643118091317 -14.421011630651329 -14.451707758846673
2.75 -10.674246997060152 -13.433826105329892 -14.350966565100421 -14.413006562825153
2.8499999046325684 -10.51382481428766 -13.317356120588077 -14.273135688062514 -14.383832915451698
2.950000047683716 -10.329397533624302 -13.219787503008103 -14.172976070126154 -14.319068518353987
3.049999952316284 -10.059877521245525 -13.11444661459467 -14.109254545505653 -14.285294177100155
3.1500000953674316 -9.987759883151135 -12.992447465680947 -13.986350040068057 -14.245980270717201
3.25 -9.809191944442745 -12.876520830868024 -13.925252058557028 -14.205018357058833
3.3499999046325684 -9.755300800439109 -12.795487649556698 -13.84569731256142 -14.15704644966953
3.450000047683716 -9.724091385574614 -12.713305466889132 -13.813138317776268 -14.139778703733207
3.549999952316284 -9.450803048012094 -12.564216451597368 -13.706752629580258 -14.10585567538078
3.6500000953674316 -9.371838019604184 -12.50613286942945 -13.645191457674027 -14.068591650429227
3.75 -9.182007211089044 -12.366732760443142 -13.574489610778198 -14.033915096373796
3.8499999046325684 -9.15902388054181 -12.31937717324249 -13.55328119220352 -14.023218489966634
3.950000047683716 -8.9286921144142 -12.194734121278039 -13.434920759549968 -13.996743518703234
4.050000190734863 -8.824155517189087 -12.162143018044418 -13.378358821646113 -13.974451280931824
4.150000095367432 -8.644181233242055 -12.006236539108393 -13.362367667829407 -13.958624049649458
4.25 -8.632651955073314 -11.92401544139101 -13.293943565608433 -13.939273073503443
4.349999904632568 -8.586344165039499 -11.935954625580017 -13.217325406531476 -13.914367694643033
4.449999809265137 -8.362586916531587 -11.78345726417028 -13.164305367625843 -13.890128383603198
4.550000190734863 -8.578945854813629 -11.794672458453462 -13.136960530098381 -13.878313541651323
4.650000095367432 -8.335894665622984 -11.654468667853973 -13.1021323979015 -13.87024219231558
4.75 -8.060742077328065 -11.615766214967074 -13.05151664780141 -13.84988909178059
4.849999904632568 -8.03971369956626 -11.563873341458589 -12.968110346515477 -13.823184997826495
4.949999809265137 -8.21473823213666 -11.498130709205196 -12.955416522479819 -13.814064864462715
5.050000190734863 -8.125279972481337 -11.428079687072682 -12.88583360672412 -13.795608835420602
5.150000095367432 -8.037340618352577 -11.419316127805885 -12.879704420404611 -13.781389754925716
5.25 -7.876448980173574 -11.278972316024145 -12.811832755626401 -13.762729644879823
5.349999904632568 -7.7486635625413385 -11.323131313838232 -12.746168351756126 -13.742084405855213
5.449999809265137 -7.791880898929534 -11.25508649270482 -12.763581779558237 -13.72559340650158
5.550000190734863 -7.8111399633723195 -11.201334583716125 -12.681807656624539 -13.706612861560622
5.650000095367432 -7.792666034286977 -11.176847082285637 -12.675408012768749 -13.691988373250744
5.75 -7.472884798261678 -11.124650637838432 -12.678655372672058 -13.668288236754762
5.849999904632568 -7.632313234996651 -11.023231690954184 -12.60379044995669 -13.638907973708438
5.949999809265137 -7.103436692718908 -10.991448927894602 -12.54532160113039 -13.60621268822258
6.050000190734863 -7.385588901955952 -10.922058919154352 -12.527969147358185 -13.58386276093929
6.150000095367432 -7.277921615459505 -10.95032928592017 -12.485223669517865 -13.557368564822898
6.25 -7.567958084044179 -10.742863040050267 -12.448937106555174 -13.527613814700153
6.349999904632568 -7.367910090486927 -10.844345582032325 -12.438810210877328 -13.495152056057986
6.449999809265137 -7.327580814353247 -10.741547921804301 -12.404810582048007 -13.460785256067016
6.550000190734863 -7.328929265015777 -10.66625082146044 -12.327669109681253 -13.415323025531386
6.650000095367432 -7.191144077342852 -10.707735831776397 -12.27369865090338 -13.393651248790228
6.75 -7.076675023872067 -10.641094015519371 -12.302760765368816 -13.358047035908154
6.849999904632568 -6.621310555539015 -10.639476772518641 -12.271118694878759 -13.325650338009272
6.949999809265137 -6.972590163992496 -10.548722897851224 -12.18802529066604 -13.282442306829463
7.050000190734863 -7.1324174670890805 -10.508971417451498 -12.20513213567677 -13.249382554723802
7.150000095367432 -7.199688746122565 -10.535442684071985 -12.148482546606768 -13.205725684240441
7.25 -7.106385677769165 -10.459617721784948 -12.079582508808521 -13.173534772382009
7.349999904632568 -7.123915307801866 -10.342325052523947 -12.012168204730393 -13.13108185023328
7.449999809265137 -6.73826738710768 -10.33995456665864 -12.048097052526941 -13.099407145966069
7.550000190734863 -7.044361023912266 -10.299018958790239 -12.01572862934206 -13.069914191048145
7.650000095367432 -6.474842101971863 -10.305863418812809 -11.990657309356692 -13.025632933278658
7.75 -6.049238691442209 -10.241875992187865 -11.956230850263807 -12.981613108944515
7.849999904632568 -6.8451443757757815 -10.183503832549288 -11.9641446208642 -12.948311552038351
7.949999809265137 -6.2102858776995475 -10.158109422308986 -11.89515284448047 -12.907687662195542
8.050000190734863 -6.284170689244597 -10.081589786764201 -11.903484665321958 -12.882556612000624
8.149999618530273 -6.635938651185434 -10.106033682880081 -11.741324080577765 -12.839584034220778
8.25 -6.58116928970734 -10.03351824782521 -11.76026114250638 -12.789263534282629
8.350000381469727 -6.624800809785487 -10.009324320282992 -11.702423882183638 -12.760918227429976
8.449999809265137 -6.642933871673019 -9.967753670210293 -11.73398380010045 -12.721835467423166
8.550000190734863 -6.3780025295400975 -9.959014516792955 -11.69899846176293 -12.702824283283014
8.649999618530273 -6.51673616583993 -9.937762971291065 -11.659711454362803 -12.654526736462678
8.75 -6.306117078204245 -9.814509043625769 -11.728641345498506 -12.623754372341281
8.850000381469727 -6.344196198460118 -9.889764369757799 -11.618710213137142 -12.601887483593465
8.949999809265137 -6.074523975146796 -9.857850351952397 -11.563530690159585 -12.569937557113917
9.050000190734863 -6.118831475820013 -9.915617470116075 -11.528938758511885 -12.544503846938238
9.149999618530273 -6.056478251961064 -9.755817152386477 -11.525169726993987 -12.521183031023565
9.25 -6.140793819883406 -9.821819923848011 -11.526028089742596 -12.473825958060313
9.350000381469727 -5.889761702263293 -9.749466207072597 -11.486662261298953 -12.441618719564666
9.449999809265137 -6.0767436820697185 -9.669317912602601 -11.478843396683 -12.431190268370031
9.550000190734863 -5.921313416112419 -9.55893437304993 -11.409375279470552 -12.378006622477997
9.649999618530273 -5.828285163476135 -9.586921627977894 -11.479367525410382 -12.37110783724522
9.75 -6.087667228428877 -9.518780165789938 -11.356995960887964 -12.324181582777047
9.850000381469727 -5.770722966677457 -9.435719776612181 -11.333392449655982 -12.314803907889857
9.949999809265137 -6.299050678351929 -9.524062946368058 -11.302675123499931 -12.28744904853118
10.050000190734863 -5.78824840467173 -9.559769517498637 -11.236733141410632 -12.242416932040172
10.149999618530273 -6.222200358456639 -9.443985525435757 -11.169737987630558 -12.21783416638236
10.25 -5.832472684326298 -9.375261626260485 -11.219990461625322 -12.198444110271215
10.350000381469727 -5.834028759920692 -9.300277137699247 -11.217656231034002 -12.188566661724366
10.449999809265137 -5.7024437518065305 -9.24974823052412 -11.207631667610997 -12.16475230741323
10.550000190734863 -5.351402418144858 -9.174790703946101 -11.161566230710424 -12.124654655227118
10.649999618530273 -4.881847214759215 -9.252941571143367 -11.071002411033678 -12.124626344589963
10.75 -4.962003686322646 -9.183997520431564 -11.059827142758067 -12.090133935144493
10.850000381469727 -5.297793479088291 -9.139236230945897 -11.049588980159552 -12.059455963884492
10.949999809265137 -5.344854651346488 -9.094652847647996 -10.98914978630452 -12.045777891112419
11.050000190734863 -5.199201225603822 -9.122193188054329 -10.997753921501449 -12.042510259721727
11.149999618530273 -5.593211681374399 -9.058881628265748 -10.976677011252121 -12.017940008620606
11.25 -5.3923643875570875 -8.894244446812223 -10.879611938698602 -11.991446421718251
11.350000381469727 -5.4229427236376715 -9.06896094504885 -10.920020307351347 -11.975025154325806
11.449999809265137 -5.568228884160803 -8.893273744351909 -10.907659216862214 -11.947523788383744
11.550000190734863 -5.350468389558266 -8.893376440437684 -10.844649612355557 -11.935572795449698
11.649999618530273 -5.42008705132702 -8.92664275616444 -10.863048293450397 -11.901640445432726
11.75 -5.069331707151633 -8.823100146853687 -10.78301380221015 -11.878674193451992
11.850000381469727 -5.029899576658558 -8.766843506873869 -10.764160213085926 -11.876173836354052
11.949999809265137 -4.815214740070299 -8.768192643376445 -10.733955884473655 -11.841456828728678
12.050000190734863 -4.313055767601615 -8.792622146124415 -10.755462430592925 -11.84332851535694
12.149999618530273 -4.976572131350395 -8.750788877093076 -10.70717380549008 -11.806166943137335
12.25 -5.170667880124583 -8.825038389920003 -10.641441001958455 -11.805971485953734
12.350000381469727 -5.04338855583967 -8.670636326809163 -10.650405311977863 -11.763230777270241
12.449999809265137 -5.078330552857928 -8.654093563014847 -10.597227174846523 -11.744780618160863
12.550000190734863 -4.94877732107836 -8.53255536766639 -10.571928229436768 -11.741549948451162
12.649999618530273 -4.458501803864859 -8.656012960593532 -10.59700275141818 -11.72806772418733
12.75 -5.086547604366739 -8.579761699326024 -10.562106481750916 -11.692108217658117
12.850000381469727 -5.095530101859836 -8.499111419573413 -10.538689099297454 -11.674926771768096
12.949999809265137 -5.089026235868285 -8.396535865047724 -10.495229288623143 -11.68241317868345
13.050000190734863 -5.1882435276978 -8.448794268976204 -10.48041907133043 -11.653075049483217
13.149999618530273 -5.080068913321753 -8.527144943105899 -10.48635106376102 -11.636941260290577
13.25 -5.09158908964222 -8.634018672652637 -10.473659499135728 -11.62395161178874
13.350000381469727 -4.736404297777291 -8.509016840718935 -10.465554119173916 -11.615481025591343
13.449999809265137 -5.082199003575134 -8.609945693745637 -10.379424239808106 -11.593005637198267
13.550000190734863 -4.972964802852445 -8.430791093767446 -10.413000523210535 -11.573911154308725
13.649999618530273 -4.83464338070722 -8.40976991701693 -10.33934356831455 -11.539237171586887
13.75 -4.88520705061595 -8.333824623298195 -10.356156582399962 -11.541569676682705
13.850000381469727 -4.912853121865755 -8.459287930451246 -10.321905714731368 -11.515844319092967
13.949999809265137 -4.956360998465417 -8.310246694506787 -10.288935623284623 -11.50079548023951
14.050000190734863 -4.411790678440017 -8.375279563438564 -10.306031371915605 -11.50127309137866
14.149999618530273 -5.128739603083083 -8.42826278177498 -10.26791193935933 -11.477077115077346
14.25 -4.837879365493492 -8.232291115760873 -10.249272439947525 -11.456709116071206
14.350000381469727 -4.695177596102084 -8.269920242839852 -10.257879814387671 -11.440982238126384
14.449999809265137 -4.892970456989676 -8.344959214995836 -10.247696967331649 -11.414374658056722
14.550000190734863 -4.87288145425169 -8.234450591766638 -10.22096415592435 -11.410272999454278
14.649999618530273 -4.978286773964715 -8.289417771593637 -10.205587918630034 -11.400862781576759
14.75 -4.7563330399358 -8.329984548121566 -10.206869010130596 -11.379205877399247
14.850000381469727 -4.890595202700798 -8.22449534863646 -10.160595671092612 -11.35993063722471
14.949999809265137 -4.945227268958128 -8.218911064330253 -10.217720289702854 -11.353732775716168
15.050000190734863 -4.519093923569159 -8.270190753624263 -10.15148751961523 -11.342843670765674
15.149999618530273 -4.745565276072078 -8.171915068358054 -10.193087674162193 -11.329007385354245
15.25 -4.530059074790092 -8.257806793328946 -10.182180112567295 -11.305968113798965
15.350000381469727 -5.058407407750163 -8.24207438642501 -10.131376791459424 -11.294056393993472
15.449999809265137 -5.1423434464450395 -8.095008841707017 -10.150275434744533 -11.275340052585708
15.550000190734863 -4.446242147249556 -8.18296715045076 -10.067911815985411 -11.262929899681282
15.649999618530273 -4.579621542129562 -8.166691077695514 -10.106175217854307 -11.244718106247628
15.75 -4.813895197705456 -8.021376609465548 -10.070877328433387 -11.2160339008467
15.850000381469727 -4.9002872150296355 -8.306984517268369 -10.091850635987662 -11.232234302271024
15.949999809265137 -4.645948722193925 -8.09960279327911 -10.048513855228805 -11.197940171195807
16.049999237060547 -4.4274440642239625 -8.152116650196938 -10.006377416812306 -11.185461403404112
16.149999618530273 -4.605876453693796 -8.100250487976563 -10.04547550438874 -11.177166065957682
16.25 -4.8980190992418216 -8.18054798210379 -10.048581041257009 -11.162351783643217
