Models/Kasen_0.035_0.2_1e-1.5.dat
# %ECSV 0.9
# ---
# datatype:
# - name: time
#   datatype: float64
# - name: sdss_g
#   datatype: float64
# - name: sdss_r
#   datatype: float64
# - name: sdss_i
#   datatype: float64
# - name: Clear
#   datatype: float64
# meta: !!omap
# - comment:
#   - type = Kasen
#   - mass = 0.035
#   - velocity = 0.2
#   - Xlan = 1e-1.5
# schema: astropy-2.0
time sdss_g sdss_r sdss_i Clear
[from data line 186]
16.649999618530273 -5.190907461691058 -6.947836657742052 -7.628181466477972 -10.17711205515253
16.75 -5.281522023478967 -6.605108697898487 -7.290387286216667 -9.829302859781933
16.850000381469727 -5.2183701754836065 -6.383956093597941 -6.502726260921733 -9.422686769550968
16.950000762939453 -4.773314574626454 -5.6576467875420065 -6.324808285030201 -8.945440726653025
17.049999237060547 -4.817963839202456 -5.359209103959696 -5.640146787312382 -8.437721625135524
17.149999618530273 -4.556173286700847 -5.098990562080395 -5.357744613765831 -7.959040991361796
17.25 -4.394498572788969 -5.074889502876189 -5.1285914206330965 -7.437427933045484
17.350000381469727 -3.6629853205944904 -5.144495655629601 -5.388142368482566 -7.144185568001383
17.450000762939453 -3.3344454069384426 -5.103807977443783 -5.029891855976835 -6.681218596140518
17.549999237060547 -3.2595965602231587 -5.100929395318168 -4.799640417676521 -6.309531817744418
17.649999618530273 -2.668547989648058 -5.050698736958978 -3.8079342829841742 -6.255946577453297
17.75 -2.569760492082519 -4.802617938342902 -2.774144277045046 -5.94505194161659
17.850000381469727 -2.2122152588716837 -4.434066001720293 -3.495002546503521 -5.918046969638532
17.950000762939453 -1.7777253715225 -3.6266958345172498 -2.168784773286589 -5.651158682274193
18.049999237060547 1.4983781328130057 -3.4829993651985482 -2.0070367357534895 -5.303604375943252
18.149999618530273 -0.45076269619823606 -2.476857509404457 -1.4612332481682362 -5.375707859007669
18.25 1.9748803273407347 -2.949086350917696 -2.4343827879758457 -5.296139609394402
18.350000381469727 nan -2.174210189033431 -1.853079375623084 -5.176899765439483
18.450000762939453 nan nan nan -4.89393613908377
18.549999237060547 nan -1.6023693816962776 -1.9700830169092765 -4.986272048926736
18.649999618530273 nan nan nan -4.84179264500257
18.75 nan nan nan -4.722968742194023
18.850000381469727 nan nan nan -4.224177836684696
18.950000762939453 nan nan nan -4.146050326015409
19.049999237060547 nan nan nan -3.8919704265241
19.149999618530273 nan nan nan -4.234828647530847
19.25 nan nan nan -4.026536100549745
19.350000381469727 nan nan nan -3.781388804646191
19.450000762939453 nan nan nan -3.4832505706749295
19.549999237060547 nan nan nan -3.1787729127895545
19.649999618530273 nan nan nan -3.4100828673469117
19.75 nan nan nan -3.3945977247666868
19.850000381469727 nan nan nan -3.0456024725407573
19.950000762939453 nan nan nan -3.2386412667383944
20.049999237060547 nan nan nan -2.91001012332341
20.149999618530273 nan nan nan -3.141252145467792
20.25 nan nan nan -2.8794210924325156
20.350000381469727 nan nan nan -2.0712887827173887
20.450000762939453 nan nan nan -1.6869306002671394
20.549999237060547 nan nan nan -2.4786747825511313
20.649999618530273 nan nan nan -1.8405773819674387
20.75 nan nan nan -2.60229498771783
20.850000381469727 nan nan nan -1.4183681419649226
20.950000762939453 nan nan nan -2.042541719362365
21.049999237060547 nan nan nan -1.2279305534695624
21.149999618530273 nan nan nan -0.89100406412933
21.25 nan nan nan -1.6599368609960976
21.350000381469727 nan nan nan -0.7142748129849075
21.450000762939453 nan nan nan -1.6482292666529545
21.549999237060547 nan nan nan -1.0382760371036852
21.649999618530273 nan nan nan 0.10794273868261683
21.75 nan nan nan nan
21.850000381469727 nan nan nan -0.6760839415233342
21.950000762939453 nan nan nan -1.0650280487727137
22.049999237060547 nan nan nan 0.18658274615356163
22.149999618530273 nan nan nan -0.37528848619301414
22.25 nan nan nan -1.1234277005721012
22.350000381469727 nan nan nan 0.3631665902399348
22.450000762939453 nan nan nan 0.20911232869039154
22.549999237060547 nan nan nan -1.6011645804418215
22.649999618530273 nan nan nan nan
22.75 nan nan nan nan
22.850000381469727 nan nan nan -0.5755729020479201
22.950000762939453 nan nan nan -0.4455176325394383
23.049999237060547 nan nan nan -1.2835142374246296
23.149999618530273 nan nan nan 0.5223489539540296
23.25 nan nan nan -0.4926090426903862
23.350000381469727 nan nan nan nan
23.450000762939453 nan nan nan nan
23.549999237060547 nan nan nan nan
23.649999618530273 nan nan nan -0.16611499705286548
23.75 nan nan nan -0.01745697904286203
23.850000381469727 nan nan nan 0.9309766280172784
23.950000762939453 nan nan nan 0.6561129940913588
24.049999237060547 nan nan nan nan
24.149999618530273 nan nan nan 0.5946955740483517
24.25 nan nan nan -0.22382265858789907
24.350000381469727 nan nan nan 1.3218453205576743
24.450000762939453 nan nan nan 1.165896320065869
24.549999237060547 nan nan nan 0.8658541373891762
24.649999618530273 nan nan nan 0.8563320072297316
24.75 nan nan nan 0.12376589706796892
24.850000381469727 nan nan nan 0.3466477283921954
24.950000762939453 nan nan nan nan
