Models/Kasen_0.05_0.15_1e-2.0.dat
# %ECSV 0.9
# ---
# datatype:
# - name: time
#   datatype: float64
# - name: sdss_g
#   datatype: float64
# - name: sdss_r
#   datatype: float64
# - name: sdss_i
#   datatype: float64
# - name: Clear
#   datatype: float64
# meta: !!omap
# - comment:
#   - type = Kasen
#   - mass = 0.05
#   - velocity = 0.15
#   - Xlan = 1e-2.0
# schema: astropy-2.0
time sdss_g sdss_r sdss_i Clear
[from data line 184]
16.450000762939453 -5.9205780092304074 -8.538350016628272 -10.163516052021016 -11.783713707921152
16.549999237060547 -6.09962313207091 -8.390656745744884 -10.13569876067482 -11.763231122698922
16.649999618530273 -5.8598399210689465 -8.436402912051015 -10.135297973022102 -11.745710058813067
16.75 -6.147883565231567 -8.520186006929173 -10.112882774184442 -11.741045513018221
16.850000381469727 -5.897140725734609 -8.303394207307544 -10.059467257952551 -11.717095126914995
16.950000762939453 -5.968390433870184 -8.302299887476032 -10.099085292560325 -11.71207511403454
17.049999237060547 -6.252858861757073 -8.396150693250235 -10.085321528782298 -11.701177426298344
17.149999618530273 -5.893753557072358 -8.276185974802175 -10.058102114716693 -11.683867311539984
17.25 -5.941812349673359 -8.32778223019173 -9.953332229970627 -11.66277315642703
17.350000381469727 -5.791370898732797 -8.466964628153402 -10.021576945936218 -11.661355772966868
17.450000762939453 -5.906050099030562 -8.462226373231172 -10.029547690218891 -11.661154603990987
17.549999237060547 -5.979520437303762 -8.33299249388671 -9.913989530942857 -11.628604642050814
17.649999618530273 -5.9527020762102225 -8.262920143258434 -9.968618987513874 -11.628103733662051
17.75 -6.090778185000147 -8.22179066477878 -9.829928653935909 -11.622244488644164
17.850000381469727 -5.957027541894302 -8.354319344896894 -9.861089909960448 -11.576336789699617
17.950000762939453 -6.157616058068186 -8.407814540757254 -9.853237886439075 -11.584119213668252
18.049999237060547 -5.875840354668831 -8.317510914711416 -9.943190564906253 -11.575918833827533
18.149999618530273 -6.054694139625052 -8.297333859365047 -9.873562902393132 -11.556722877955806
18.25 -5.956148595205931 -8.27019530135017 -9.892774716033728 -11.542547641120155
18.350000381469727 -5.738132885814146 -8.337778491715472 -9.79900131687063 -11.537693942407138
18.450000762939453 -5.816618718983104 -8.315996281286704 -9.791163571386022 -11.535261970772442
18.549999237060547 -5.945625464844209 -8.274664543224912 -9.747649051713832 -11.504909438068488
18.649999618530273 -6.067395263476794 -8.274549133994128 -9.819545757059633 -11.503307057950416
18.75 -5.77430755232497 -8.212257047479632 -9.784369454757456 -11.472764804573664
18.850000381469727 -5.9253595853400185 -8.160928870375706 -9.727887919310021 -11.486107636570164
18.950000762939453 -6.166672677603632 -8.167683868502966 -9.744197501596442 -11.471687485895558
19.049999237060547 -5.419930913657208 -8.102020932225493 -9.750883007872591 -11.45475868995969
19.149999618530273 -5.735206422493373 -8.256593772706509 -9.679507509608598 -11.426225123656621
19.25 -6.0148897154344 -8.18056445753814 -9.728239720768638 -11.424610353763953
19.350000381469727 -5.780873758642063 -8.195461773917405 -9.60953568721196 -11.427148885742824
19.450000762939453 -5.461722089321764 -8.134470609436391 -9.592625215709333 -11.402612057433412
19.549999237060547 -5.816313284901273 -8.14663504640312 -9.63748972554274 -11.384778423551094
19.649999618530273 -5.776888874527835 -8.137338001782403 -9.571638238179183 -11.394007394863088
19.75 -6.016386120104688 -8.078993684314167 -9.575897996358194 -11.357288102151848
19.850000381469727 -5.894110247031286 -8.003546252863316 -9.560159300660693 -11.34236188479409
19.950000762939453 -5.853780035727393 -8.043066019026607 -9.49702019394412 -11.340205011175623
20.049999237060547 -5.814651970525752 -7.977555125174135 -9.518149871780224 -11.339348465923855
20.149999618530273 -5.600108159828093 -7.976502258858435 -9.544442942580528 -11.33029553347393
20.25 -5.853971801109196 -8.061317180252317 -9.446958752725418 -11.329757421681492
20.350000381469727 -5.753735020370485 -8.070619247231065 -9.405789351141607 -11.282131483832039
20.450000762939453 -5.678495878891557 -7.751188504416881 -9.120873437374016 -11.037633596489087
20.549999237060547 -5.453962230800428 -7.593678457276859 -8.756600037477792 -10.726157752526412
20.649999618530273 -5.024800528937039 -7.24186305600551 -8.475502910506382 -10.433170629702563
20.75 -4.942319732096095 -7.082553895874973 -7.799594744105395 -10.099587018093725
20.850000381469727 -4.619047874904009 -6.868334613564215 -7.413148609715158 -9.737157712580682
20.950000762939453 -4.715961575735967 -6.498330744754618 -6.856689102434757 -9.38103393572765
21.049999237060547 -4.0227895292076035 -5.925170794579582 -6.313580815770351 -8.937698044478275
21.149999618530273 -4.686694140378151 -4.676977117810999 -5.414998112096299 -8.480859582951222
21.25 -4.214377793760114 -4.998558916463956 -4.925351983789795 -8.05711083657675
21.350000381469727 -4.158415155978492 -4.717553224498303 -4.68219417518322 -7.649618732008779
21.450000762939453 -3.755713740691675 -5.058027559828144 -4.145559351482987 -7.300136731600066
21.549999237060547 -3.0768684478167785 -4.544656009238285 -4.040689806635385 -6.998256225396499
21.649999618530273 -3.938258864109571 -4.7668153220267335 -3.5640789292699573 -6.64857085811596
21.75 -3.592612891578746 -4.493678651175962 -4.319646454640097 -6.552015069491343
21.850000381469727 -3.2180236845988404 -4.306160655784648 -3.368488190457576 -6.132547589349318
21.950000762939453 -1.899503952301199 -4.565788930181142 -3.786577641119166 -5.928959078170429
22.049999237060547 -3.6980079281644507 -3.9062029654016364 -4.02287576149164 -5.763402702032444
22.149999618530273 -2.7102948110705682 -4.322655841461781 -2.7428642910034604 -5.640573206920401
22.25 -3.140008768451157 -4.213169740136575 -3.3390985044724104 -5.578796600730499
22.350000381469727 -2.4331232214328367 -4.3710972831899575 -3.0198179539861876 -5.217381479184738
22.450000762939453 -2.849334977434097 -4.540356730702136 3.863421191497297 -5.291636916644055
22.549999237060547 4.992169731821553 -4.367254813836091 -1.4216540631372876 -4.959735045319828
22.649999618530273 -1.8534654329853986 -3.5445798937431476 -1.3824048293649795 -4.954408562535697
22.75 -1.8479930597724774 -3.0586673644377917 nan -4.490642053845789
22.850000381469727 -0.6931460065253301 -2.303776099568097 1.4865106028363062 -4.462943600244859
22.950000762939453 -1.6530131799182577 -2.933885606717883 5.304951819942808 -4.567216533557847
23.049999237060547 2.864679775064042 -1.764849806244536 nan -4.3934508957774625
23.149999618530273 nan nan nan -4.09121773317327
23.25 nan -1.5432145959811638 nan -4.071381551312292
23.350000381469727 nan -2.366800564904022 nan -3.6260204518138117
23.450000762939453 nan nan nan -3.9327051585716006
23.549999237060547 nan nan nan -3.8382255386009057
23.649999618530273 nan nan -1.799716090992586 -3.591885739832975
23.75 nan nan -2.303742522327287 -3.457368188503917
23.850000381469727 nan -1.674745907101256 -1.757505397346515 -3.2916589095247524
23.950000762939453 nan -1.7763189291550656 5.427630844862595 -3.736013561665949
24.049999237060547 nan -1.7395739995611486 1.4570851035344479 -3.1999793807313033
24.149999618530273 nan nan nan -1.1465406083322875
24.25 nan nan nan -3.088357248561838
24.350000381469727 nan nan nan -2.955935583142793
24.450000762939453 nan nan nan -2.4736813353503884
24.549999237060547 nan nan nan -2.5628552170769403
24.649999618530273 nan nan nan -2.482631666462428
24.75 nan nan nan -2.7136370130608434
24.850000381469727 nan nan nan -3.011809721517256
24.950000762939453 nan nan nan -0.40115473042226313
