Models/Kasen_0.035_0.1_1e-2.0.dat
# %ECSV 0.9
# ---
# datatype:
# - name: time
#   datatype: float64
# - name: sdss_g
#   datatype: float64
# - name: sdss_r
#   datatype: float64
# - name: sdss_i
#   datatype: float64
# - name: Clear
#   datatype: float64
# meta: !!omap
# - comment:
#   - type = Kasen
#   - mass = 0.035
#   - velocity = 0.1
#   - Xlan = 1e-2.0
# schema: astropy-2.0
time sdss_g sdss_r sdss_i Clear
-1.9500000476837158 nan nan nan nan
-1.850000023841858 nan nan nan nan
-1.75 nan nan nan nan
-1.649999976158142 nan nan nan nan
-1.5499999523162842 nan nan nan nan
-1.4500000476837158 nan nan nan nan
-1.350000023841858 nan nan nan nan
-1.25 nan nan nan nan
-1.149999976158142 nan nan nan nan
-1.0499999523162842 nan nan nan nan
-0.949999988079071 nan nan nan nan
-0.8500000238418579 nan nan nan nan
-0.75 nan nan nan nan
-0.6499999761581421 nan nan nan nan
-0.550000011920929 nan nan nan nan
-0.44999998807907104 nan nan nan nan
-0.3499999940395355 nan nan nan nan
-0.25 nan nan nan nan
-0.15000000596046448 nan nan nan nan
-0.05000000074505806 nan nan nan nan
0.05000000074505806 nan nan nan nan
0.15000000596046448 -6.065228765101821 nan nan -5.144632898908554
0.25 -10.336525723486687 -11.351345681398033 -11.680858731161553 -11.621101773471427
0.3499999940395355 -10.630959123565006 -12.02905304705434 -12.581012992958204 -12.590567395939178
0.44999998807907104 -10.722614359686013 -12.242473234023173 -12.777906713553179 -12.87228196081621
0.550000011920929 -10.655075500316034 -12.291972924811944 -12.939318048826593 -13.067606061721737
0.6499999761581421 -10.526290114958783 -12.304770815598985 -12.991483162893442 -13.23539648734532
0.75 -10.421230752263394 -12.28214992639586 -13.014584611165873 -13.359844354025025
0.8500000238418579 -10.17041266940619 -12.230516168163561 -13.045386523002293 -13.456006320116277
0.949999988079071 -10.138821366503159 -12.190697878896998 -13.072552157026589 -13.557437164161612
1.0499999523162842 -9.83128814917752 -12.227625185249746 -13.130094730155484 -13.627731717760867
1.149999976158142 -9.750896020858434 -12.16784220604848 -13.11690864106329 -13.702925520018336
1.25 -9.685592179626177 -12.099862749858545 -13.037928405741503 -13.731874102545174
1.350000023841858 -9.52270958559275 -12.02957508972711 -13.068992468537331 -13.790969262976116
1.4500000476837158 -9.294222410116404 -12.049221130945888 -13.081266100768186 -13.850662378070822
1.5499999523162842 -9.244236044259804 -12.032374478532653 -13.055006062261626 -13.895920378557488
1.649999976158142 -8.967917922723139 -11.985152059962893 -13.011683091421983 -13.915251023707626
1.75 -9.076857429501064 -11.969003530587486 -13.067599187401733 -13.972132550215544
1.850000023841858 -9.042552274966678 -11.89539731167499 -12.997634052362681 -13.995474289719265
1.9500000476837158 -8.827100874278315 -11.86206061872057 -12.981337968937403 -14.03964068929291
2.049999952316284 -8.732506802036681 -11.782194628815152 -12.94413748942285 -14.042353422680236
2.1500000953674316 -8.429239023101786 -11.704192346947895 -12.972296393617732 -14.07541846574717
2.25 -8.708201444498147 -11.689662149029857 -12.91802452367304 -14.07930270387164
2.3499999046325684 -8.288699967772729 -11.620731763193675 -12.912078366255237 -14.084340199778346
2.450000047683716 -8.161032989236219 -11.540361995814045 -12.83383798192764 -14.103098844705304
2.549999952316284 -7.895684936620693 -11.5171395108039 -12.83657844073915 -14.078342933685263
2.6500000953674316 -7.956479984116871 -11.433917523045444 -12.82518754106971 -14.092400294379505
2.75 -7.912579763637506 -11.421760663853817 -12.747802518417824 -14.094220500341592
2.8499999046325684 -7.727166181040278 -11.278892452618123 -12.727124476356483 -14.067176669160368
2.950000047683716 -7.716248254719051 -11.121135669915482 -12.684992322932018 -14.072880274075686
3.049999952316284 -7.922094630059384 -11.205330518315805 -12.596028918342967 -14.06821422672655
3.1500000953674316 -7.518654084633692 -11.101738757070542 -12.574235476208248 -14.043488711520055
3.25 -7.742070883689664 -11.01177787635735 -12.547442692347076 -14.03888125888583
3.3499999046325684 -7.15469321982016 -10.83919334983073 -12.44064072442319 -14.038524862842454
3.450000047683716 -7.183389044338842 -10.89049649468781 -12.371203400499912 -14.008725703904204
3.549999952316284 -7.128908597059496 -10.853788698265092 -12.43844723644002 -14.002480777954904
3.6500000953674316 -6.8826331281805935 -10.759480984083314 -12.29620606745744 -14.00944539602882
3.75 -6.378322784650887 -10.635364915021068 -12.23559156252621 -13.993177220649521
3.8499999046325684 -6.472309229970666 -10.587960841066984 -12.237925795804312 -13.981719772980458
3.950000047683716 -7.042444411494973 -10.446369773836999 -12.195305449320756 -13.963720205788128
4.050000190734863 -6.8639527402269 -10.347972198415906 -12.109467936236125 -13.969569453686617
4.150000095367432 -6.922241461882834 -10.326858940736127 -12.122799090981577 -13.966056559147031
4.25 -6.416666805606077 -10.220994142333254 -11.973592046248989 -13.940818791868502
4.349999904632568 -5.599219572701692 -10.10213742572721 -12.027024927657823 -13.940868923016911
4.449999809265137 -6.326531689644387 -10.129051613215715 -11.917926903693594 -13.95435449272442
4.550000190734863 -5.721478085504845 -9.9957707420306 -11.797484945928495 -13.948433226498935
4.650000095367432 -5.582125305577975 -10.01248675352571 -11.830913541974823 -13.937605203092573
4.75 -4.779653646433157 -9.834333345141708 -11.740669174132236 -13.930081440914442
4.849999904632568 -5.68991976267634 -9.711263275267136 -11.720136874319987 -13.934114023987796
4.949999809265137 -6.51509240274131 -9.587528669232732 -11.678913940862078 -13.933378096260572
5.050000190734863 -5.346835994240571 -9.584712885624644 -11.58755388846576 -13.931604005837137
5.150000095367432 -5.796116510456994 -9.702085898200156 -11.629366915464438 -13.923139752641926
5.25 -4.95225685822021 -9.572291289043172 -11.473634838252575 -13.916957781636345
5.349999904632568 -5.473583924514571 -9.40492131157799 -11.465881921311269 -13.916247331623754
5.449999809265137 -4.097632968926494 -9.260358257307445 -11.445160142619763 -13.919265159953618
5.550000190734863 -5.631502424203745 -9.311614177660669 -11.446589925706583 -13.923537702145012
5.650000095367432 -5.517410077813768 -9.39905687342118 -11.303888372417106 -13.901832663051295
5.75 -5.198247304376569 -9.316980333341128 -11.317221537052937 -13.90585661228311
5.849999904632568 -5.248335864194747 -9.166266679856427 -11.325145640675267 -13.90290511146263
5.949999809265137 -5.058129773022621 -9.17076882771768 -11.243197879055739 -13.89476318671396
6.050000190734863 -4.9096778381263775 -8.978893771982975 -11.192921992659631 -13.89816619665207
6.150000095367432 -4.9067685885612455 -9.043917678537323 -11.176166349305298 -13.89523680736811
6.25 -5.35641336419717 -8.816696090566879 -11.063667391497379 -13.874640108829254
6.349999904632568 -3.285711152642648 -9.100003748201015 -11.136021110184238 -13.872781957812581
6.449999809265137 -4.833586625523594 -8.810070329796147 -11.101773335157368 -13.850576697563504
6.550000190734863 -5.320119674336457 -8.538321667459513 -11.102379104765557 -13.852674316466434
6.650000095367432 -5.400785143326299 -8.765668100537287 -10.944561352860482 -13.851486799037957
6.75 -4.512254738847176 -8.391393006089864 -10.968404465503188 -13.833597510235673
6.849999904632568 -4.85846612009037 -8.65742770063478 -10.782397418125015 -13.81764257428383
6.949999809265137 -4.720037079792405 -8.5609199097631 -10.798823005251176 -13.798644103816034
7.050000190734863 -4.28469742121607 -8.63591641158483 -10.770030396638866 -13.773604988744179
7.150000095367432 -5.192477108148868 -8.571722319965545 -10.850061867072831 -13.784872396164737
7.25 -3.588632362035387 -8.32983355670384 -10.767345963493966 -13.758266806094507
7.349999904632568 -4.563714853770069 -8.389611209104654 -10.652926237013702 -13.74327019343044
7.449999809265137 -4.633407741662175 -8.507720358881919 -10.733805744296777 -13.729452749741768
7.550000190734863 -4.73520883582696 -8.494423770820681 -10.627378338798238 -13.717957079488375
7.650000095367432 -3.5915693513460987 -8.149572578052279 -10.502518283092257 -13.68443118003784
7.75 -5.2349178656060005 -8.479771122785571 -10.536250203890472 -13.67419294956499
7.849999904632568 -4.333811417533319 -8.259626033951893 -10.558006645159288 -13.65046237277923
7.949999809265137 -4.538290875872828 -8.195160826275902 -10.548938870373782 -13.634451915575358
8.050000190734863 -4.777179150470353 -7.987798310894085 -10.544871946112199 -13.620932493099978
8.149999618530273 -4.400674257501787 -8.228783866846218 -10.391522698316898 -13.590108563386565
8.25 -4.0917380255751645 -8.277615839608405 -10.367677300917446 -13.574169612256902
8.350000381469727 -5.325203117309215 -7.939200491967842 -10.421310038466515 -13.550118681622305
8.449999809265137 -4.072380120391411 -8.212929146840143 -10.378490957258428 -13.528542947948807
8.550000190734863 -4.861474731114928 -7.859597067218111 -10.28069584158576 -13.50026561013205
8.649999618530273 -4.313094609382571 -8.0598571730132 -10.337692051017253 -13.484836102496192
8.75 -5.1474912952294005 -8.126286879513888 -10.315698328804004 -13.444962710139961
8.850000381469727 -3.936461745840397 -8.093451661426773 -10.216754770461467 -13.434119499589883
8.949999809265137 -4.44429523437876 -8.195781222777327 -10.293549556193753 -13.41344450616517
9.050000190734863 -4.906693308103286 -7.849806442635213 -10.201160401524525 -13.376545270326261
9.149999618530273 -4.570006166140363 -7.852949394224886 -10.128668333802672 -13.352619500976719
9.25 -5.046538337230714 -8.105288532655187 -10.232749270177933 -13.320313467998197
9.350000381469727 -4.796670839640232 -8.190222962516245 -10.001000227393867 -13.311154627539135
9.449999809265137 -4.44232909668472 -8.009668453164721 -10.018353264156762 -13.274065505244401
9.550000190734863 -5.118285950738972 -7.812172409971112 -10.051671681720535 -13.251113300863786
9.649999618530273 -4.466739216614677 -7.916122191987117 -10.110898239643053 -13.207762518138622
9.75 -4.405852342681186 -7.806378938735058 -10.130880034803774 -13.175419837788485
9.850000381469727 -4.734395540353251 -7.797892234905049 -10.070339570059843 -13.142454685428277
9.949999809265137 -3.6026038433080103 -7.810007740326334 -10.137819887292938 -13.113162398621132
10.050000190734863 -4.4966663461407705 -7.955300954698657 -10.086690534234151 -13.096801849073657
10.149999618530273 -4.051257860747338 -7.931613808914719 -10.021706174829497 -13.079261347731698
10.25 -3.919534016130921 -7.913017284366422 -10.058856082894998 -13.041848634972641
10.350000381469727 -4.038269011445514 -7.598958153228789 -10.023774259445556 -13.00113902860845
10.449999809265137 -5.040080830754029 -8.043715712098418 -9.995125482037427 -12.965088382002229
10.550000190734863 -5.192601081938264 -7.922374508903818 -9.973624571155906 -12.929816878178766
10.649999618530273 -4.612486667652494 -8.005851595325723 -9.934128179816142 -12.899234302233019
10.75 -4.201816851350902 -7.996448910367128 -9.97047634026757 -12.86122709272523
10.850000381469727 -3.835072385298517 -8.049140767451163 -9.968503188674099 -12.837680607294583
10.949999809265137 -4.717639716914466 -7.755020345691598 -10.022971758969568 -12.791613441784008
11.050000190734863 -4.632338939945786 -7.9263356926748365 -10.024599556400574 -12.768426555183328
11.149999618530273 -4.428690291865092 -7.796735932231172 -10.043922421845185 -12.731547217165414
11.25 -4.1313536716074175 -7.8294915698556515 -10.049570199895204 -12.699262870019862
11.350000381469727 -4.798537935986534 -8.020927081123993 -10.018289116191674 -12.668576490836731
11.449999809265137 -4.117184135488877 -8.030928086542904 -9.999030649245235 -12.625928452289592
11.550000190734863 -4.779375151730694 -8.000766429192247 -9.957785566085711 -12.607174751883345
11.649999618530273 -4.657035974216608 -7.808891323232107 -9.897808081806467 -12.564467909075823
11.75 -4.501844396974498 -7.854513841327535 -10.021620428709014 -12.523968930265436
11.850000381469727 -4.268187186225976 -7.687641217147924 -9.953329826679443 -12.479297781489432
11.949999809265137 -4.431675563486365 -7.825002791922024 -9.998005073448482 -12.441361562155969
12.050000190734863 -4.210277419867012 -8.011014704166865 -10.015096696557016 -12.41838929661887
12.149999618530273 -4.693226237259491 -7.78123050819686 -9.965461024323226 -12.380406332079534
12.25 -5.015437880833179 -7.942286011853053 -10.042301676963454 -12.343906522717607
12.350000381469727 -5.076053505643397 -8.040854671926681 -9.94687829145952 -12.308892766019067
12.449999809265137 -4.316613436365511 -7.947931365283896 -9.99238394735615 -12.275779049608083
12.550000190734863 -4.592350247681221 -8.014807485878599 -10.016516446318278 -12.256557668790894
12.649999618530273 -4.6900424371171 -8.026719615436434 -9.95157892409171 -12.213721223812005
12.75 -4.581203938733527 -7.713929253548304 -10.002272655783461 -12.177419662984562
12.850000381469727 -4.4098409339197175 -7.94619593737584 -9.891404189804973 -12.15431263670046
12.949999809265137 -4.581126460680558 -7.911881877689588 -9.877463848202432 -12.119370579815637
13.050000190734863 -5.125105123990853 -7.8488995653023 -9.913259619667226 -12.09913962919159
13.149999618530273 -4.675902286370906 -7.754187820542075 -9.941691411386849 -12.069893835277952
13.25 -4.7086467544211 -7.797839433885116 -9.893400019906213 -12.032656806465969
13.350000381469727 -4.062398979161859 -7.9080284005612995 -9.902394618584744 -11.992338736827843
13.449999809265137 -4.295800808705128 -7.7838108660145835 -9.92529769187573 -11.978143062095057
13.550000190734863 -4.605973872206775 -7.830849201673587 -9.944406421234483 -11.943258934695727
13.649999618530273 -4.618665218193765 -7.9482050210527575 -9.956153006899811 -11.911951544301647
13.75 -4.40128675483345 -7.669440792835076 -9.879101246932183 -11.881023534207937
13.850000381469727 -4.670134104503706 -7.766630666101765 -9.924674857531343 -11.877093938777865
13.949999809265137 -4.657308407077458 -7.907363688703619 -9.903805179252739 -11.834038179424905
14.050000190734863 -4.472959116059926 -7.797964281029589 -9.870627467607438 -11.825260860294133
14.149999618530273 -4.420361130096264 -7.7622400306371055 -9.858475538218869 -11.792597806999702
14.25 -4.1965728324102365 -7.8509625750035354 -9.9072455844573 -11.771059567315191
14.350000381469727 -4.818405770708026 -7.705983681338886 -9.898768857882917 -11.764049293147664
14.449999809265137 -4.295217653106114 -7.568589917969025 -9.947035652969799 -11.723634948767412
14.550000190734863 -4.662718654180193 -7.527694112154094 -9.81048028435465 -11.712543323030566
14.649999618530273 -4.1342451403012355 -7.74483942157141 -9.83103360582577 -11.696214959272623
14.75 -3.953094130730001 -7.771428281627173 -9.769687904372446 -11.663749465476705
14.850000381469727 -4.680554998443007 -7.73856262357932 -9.891918998189833 -11.654431220622943
14.949999809265137 -4.291909001166708 -7.682084405322168 -9.842148852113137 -11.64087708565732
15.050000190734863 -3.655847672141146 -7.774981346653895 -9.855689201201486 -11.616393179902264
15.149999618530273 -4.116803557846211 -7.728765616738247 -9.68498258575925 -11.599963500244673
15.25 -3.047893046986534 -7.768131582746811 -9.800873885128496 -11.591370989396133
15.350000381469727 -5.011200159565117 -7.78557828723639 -9.759527207173377 -11.574533506284503
15.449999809265137 -4.392683521215492 -7.687328999852525 -9.790067309174368 -11.562927211916858
15.550000190734863 -3.460202845319973 -7.7492953877681465 -9.769451507448416 -11.540065655779959
15.649999618530273 -3.4030832186870406 -7.709385684951471 -9.756698454710325 -11.522123026432546
15.75 -4.855113726859752 -7.623885140096718 -9.813628745809119 -11.51658832680073
15.850000381469727 -3.86126959726581 -7.720087226971025 -9.782788181841763 -11.493173552985752
15.949999809265137 -4.193744015032344 -7.793032919935182 -9.679471767168085 -11.481466450002472
16.049999237060547 -4.12075790638016 -7.749498531109147 -9.741935097387522 -11.47146334877149
16.149999618530273 -3.7408053794509613 -7.605529568564123 -9.770337775539911 -11.458318034968965
16.25 -4.170570305310839 -7.794957996792668 -9.739465092796095 -11.452437417146971
16.350000381469727 -3.308366289555437 -7.542687704745191 -9.719622488691364 -11.420380084204076
16.450000762939453 -4.361158882848972 -7.6477933131826 -9.745064217038923 -11.40745640512138
