Models/Kasen_0.035_0.15_1e-2.0.dat
# %ECSV 0.9
# ---
# datatype:
# - name: time
#   datatype: float64
# - name: sdss_g
#   datatype: float64
# - name: sdss_r
#   datatype: float64
# - name: sdss_i
#   datatype: float64
# - name: Clear
#   datatype: float64
# meta: !!omap
# - comment:
#   - type = Kasen
#   - mass = 0.035
#   - velocity = 0.15
#   - Xlan = 1e-2.0
# schema: astropy-2.0
time sdss_g sdss_r sdss_i Clear
[from data line 185]
16.549999237060547 -5.518234247821727 -8.07228288638343 -9.484093148111366 -11.222315651840184
16.649999618530273 -5.835221092506963 -8.031082378093334 -9.47321041203493 -11.205879043513544
16.75 -5.780561389940704 -7.928825381063088 -9.550805350932066 -11.197888595727441
16.850000381469727 -5.572771178850342 -8.045192374184417 -9.509140447545136 -11.181921098683457
16.950000762939453 -5.796825740190819 -8.00221090096474 -9.474291616964756 -11.193669184161777
17.049999237060547 -5.7533124441373396 -7.836382580924656 -9.470520164677332 -11.171131048551011
17.149999618530273 -5.73316920793787 -7.923413853504286 -9.438958696668216 -11.142846222005993
17.25 -5.778167022792044 -8.02656576501213 -9.459190480090282 -11.125482635425243
17.350000381469727 -5.721152130578531 -8.04536452240389 -9.436940441915162 -11.103381102758995
17.450000762939453 -5.6616156040563155 -7.9228177729391085 -9.377967043989784 -11.112530140743381
17.549999237060547 -5.473865468008473 -7.906722449187551 -9.411565696207663 -11.103264246421794
17.649999618530273 -5.622861143703737 -7.771893801889902 -9.33155298619221 -11.062747026261427
17.75 -5.6291453110115235 -7.819938276005161 -9.279230293316836 -11.059530265306279
17.850000381469727 -5.52109476528036 -7.837736524135636 -9.28700559206533 -11.054196722585253
17.950000762939453 -5.61628967553046 -7.697793017142004 -9.272791330303814 -11.027345516667701
18.049999237060547 -5.536539320173997 -7.73118967080401 -9.157390730435178 -11.028516118697375
18.149999618530273 -5.748943501043517 -7.781677791619572 -9.256324383288408 -11.009818953375913
18.25 -5.728719211148274 -7.879367587977033 -9.17750622228748 -10.999295318545897
18.350000381469727 -5.749196713984823 -7.876827396579817 -9.12216627284139 -10.998090952269457
18.450000762939453 -5.793063307140258 -7.83620451215112 -9.193406787489629 -10.97051192283029
18.549999237060547 -5.507193036935281 -7.847019940795782 -9.127313439714811 -10.975254492437422
18.649999618530273 -5.816865713705919 -7.77502984151975 -9.09931641748041 -10.947910389830763
18.75 -5.591370132644059 -7.732531293242218 -9.0568815454961 -10.94679711211403
18.850000381469727 -5.606987070063401 -7.655395277906585 -9.11700623267377 -10.938460899958901
18.950000762939453 -5.761653634698288 -7.677444096733982 -9.059357396475125 -10.918271835705838
19.049999237060547 -5.259543489271735 -7.673524474909577 -9.012307203274098 -10.895034408420546
19.149999618530273 -5.548999625606669 -7.598626209890618 -8.991384749374689 -10.905766710999927
19.25 -5.548090709163056 -7.7442507839021495 -9.006933871777996 -10.883168780183865
19.350000381469727 -5.544923854278689 -7.643440662235992 -8.883579004208976 -10.846702444064725
19.450000762939453 -5.370416665973639 -7.65756865472704 -8.864033367738688 -10.86341765069887
19.549999237060547 -5.537553663611067 -7.763925741757241 -8.943587131654947 -10.858057608306567
19.649999618530273 -5.648013804150036 -7.678657976429818 -8.793086376411672 -10.828873137594137
19.75 -5.624252381868409 -7.652255498805264 -8.848037012280283 -10.823714218324497
19.850000381469727 -5.655946663594651 -7.7112698398627835 -8.844273096321157 -10.816987799658925
19.950000762939453 -5.478363976812684 -7.528045117064721 -8.727697140167411 -10.801526631640876
20.049999237060547 -5.295393771755151 -7.538373760282905 -8.694103988985592 -10.794027852591018
20.149999618530273 -5.356082207273907 -7.6201247050346765 -8.656033609442083 -10.657725735505359
20.25 -5.092655559242935 -7.248886645298899 -8.24385678575321 -10.354897277669718
20.350000381469727 -5.223390956881193 -6.9333214460493835 -7.814552465827504 -10.061015592920029
20.450000762939453 -4.710329021840721 -6.641906613125151 -7.382719931104663 -9.732686826375385
20.549999237060547 -4.481213636410519 -6.351715036286102 -7.177313639050862 -9.387117277792576
20.649999618530273 -4.4249772107956495 -6.1353897818838234 -6.508969638911925 -9.02814273806748
20.75 -4.10444848008364 -5.680086277095022 -5.77253106698911 -8.59297071075217
20.850000381469727 -3.8049903703953163 -5.031907337218382 -5.73562708199697 -8.083696956738713
20.950000762939453 -3.9711679320306565 -4.875461631832707 -5.217407660160948 -7.71727870838717
21.049999237060547 -4.090898902848348 -5.031857065634679 -5.065581450691582 -7.276209259811171
21.149999618530273 -2.785678228756023 -4.775991656957565 -4.698241456922947 -6.845988119437848
21.25 -3.5242301336720665 -4.884569407282186 -4.952773513570424 -6.501521282820299
21.350000381469727 -3.0499781519665348 -4.572278894850065 -4.6968713281048196 -6.192011327405666
21.450000762939453 -2.8877688848546086 -4.408290839146456 -4.611596530837275 -5.910763370852095
21.549999237060547 -2.819020951094519 -4.6382095563056716 -4.837330070122949 -5.748352774796093
21.649999618530273 -3.3733260670283443 -4.315066842757695 -4.1195984127618175 -5.638501358220466
21.75 -2.325485989941292 -4.770478256346806 -3.8623069525204237 -5.36766204320417
21.850000381469727 -1.5771587884696867 -4.25759804569314 -3.1351814390835777 -5.350682368327494
21.950000762939453 -1.877425969410833 -4.253361679389371 -2.9852361793635644 -5.044169118087424
22.049999237060547 -1.471504403499619 -4.756530343064799 -1.5395246576382053 -4.9681930359870705
22.149999618530273 -1.1536520665637404 -3.7894365426769205 -1.794563171002423 -4.892719268136709
22.25 1.366340932129436 -2.7293682402847494 -1.6084409656588132 -4.490504396597014
22.350000381469727 4.495242866328933 -3.5321688870152386 4.394431474821406 -4.5965983033698485
22.450000762939453 nan -2.4566905272526895 nan -4.16295222601407
22.549999237060547 -0.49350818593667256 -1.1415051623112369 -1.0440586467982715 -4.253123069346003
22.649999618530273 -0.3431767523597884 nan nan -4.232496514724279
22.75 0.7299384900600661 -1.2266912832240848 nan -3.6889990999625653
22.850000381469727 nan -0.8264316874163491 -2.3188522084392353 -4.0053081059444615
22.950000762939453 3.8711330554017973 0.7974031914509432 nan -3.7470909357453728
23.049999237060547 nan nan nan -3.7603899754580468
23.149999618530273 0.4348709954496197 nan -1.9286150446640953 -3.6071854646103745
23.25 nan -0.8837325391076973 nan -2.5660123950648206
23.350000381469727 1.4355153937978251 4.5584511086787 nan -2.6836774276996422
23.450000762939453 nan nan nan -2.970045971760637
23.549999237060547 nan nan nan -2.6958875593867155
23.649999618530273 nan nan nan -3.004814616381516
23.75 nan nan nan -3.0006962950135296
23.850000381469727 nan nan nan -2.827387217038492
23.950000762939453 nan nan nan -2.051278770087425
24.049999237060547 nan nan -1.0367886811041682 -2.10843950845085
24.149999618530273 nan nan nan -1.6746473624829505
24.25 nan nan nan -2.2343229383371828
24.350000381469727 nan nan nan -2.7878074208836274
24.450000762939453 nan nan nan -1.7648322461154393
24.549999237060547 nan nan nan -1.3063573055696622
24.649999618530273 nan nan nan -0.053070014530327114
24.75 nan nan nan -0.9769792703245237
24.850000381469727 nan nan nan -1.9502096522287609
24.950000762939453 nan nan nan -2.359233755719547
