Models/Kasen_0.04_0.1_1e-2.5.dat
# %ECSV 0.9
# ---
# datatype:
# - name: time
#   datatype: float64
# - name: sdss_g
#   datatype: float64
# - name: sdss_r
#   datatype: float64
# - name: sdss_i
#   datatype: float64
# - name: Clear
#   datatype: float64
# meta: !!omap
# - comment:
#   - type = Kasen
#   - mass = 0.04
#   - velocity = 0.1
#   - Xlan = 1e-2.5
# schema: astropy-2.0
time sdss_g sdss_r sdss_i Clear
[from data line 185]
16.549999237060547 -4.910102697322483 -8.152084483744368 -10.050772269724455 -11.55996779102178
16.649999618530273 -4.7709290429565065 -8.08583274588263 -9.998889976109627 -11.526510238319926
16.75 -4.721246226375939 -8.046871096591111 -10.00365591981216 -11.525982038745056
16.850000381469727 -4.697645179735204 -8.01249274343919 -10.015898184968801 -11.507196539260711
16.950000762939453 -4.5029983226516315 -7.922346895822713 -9.965374196465785 -11.510816598240382
17.049999237060547 -4.740824101042399 -8.137870754192637 -9.984035524073814 -11.482135704226522
17.149999618530273 -4.862961845587083 -8.071857614375325 -10.00140067309291 -11.470260273584046
17.25 -4.474772181169396 -7.9865394478318095 -9.93148625878083 -11.460793709017853
17.350000381469727 -4.480024622777872 -7.885645273021961 -9.853629784311778 -11.444525489718913
17.450000762939453 -4.602764915962432 -7.967907757682429 -9.915643798890589 -11.422825636302562
17.549999237060547 -4.614289849775016 -7.951904169992972 -9.943933052878062 -11.414522727116847
17.649999618530273 -4.709861002838942 -8.02711501788404 -9.87440620887661 -11.40467997939156
17.75 -4.642370222528378 -8.073805723484025 -9.900795759729853 -11.405210521831641
17.850000381469727 -4.834558185060498 -7.930598777824777 -9.958868070062827 -11.385493382409713
17.950000762939453 -4.452801264732621 -7.952955809698544 -9.949231826234218 -11.379056612508194
18.049999237060547 -4.881521305239406 -7.904562203249814 -9.877395939206185 -11.369424610524625
18.149999618530273 -4.82373674889736 -7.920576408603356 -9.862868806291413 -11.333245925032706
18.25 -4.196493990455046 -7.988999874987243 -9.832789059829 -11.311940576670377
18.350000381469727 -4.335081190285191 -7.930005059211258 -9.860656230651518 -11.325504405532683
18.450000762939453 -4.734765684808345 -7.788239457112102 -9.775883742241366 -11.292110398900835
18.549999237060547 -4.850028996933318 -7.918833345498946 -9.790523704536977 -11.267611011454512
18.649999618530273 -4.578730723618321 -7.888504926478518 -9.849915417797547 -11.280698476418944
18.75 -3.836208988950787 -7.803688083103701 -9.840330548407785 -11.268025153511019
18.850000381469727 -4.298992319886629 -7.848513097743076 -9.8247710070528 -11.250353110254679
18.950000762939453 -4.182153079337866 -8.038757120337891 -9.800030801122965 -11.257929938533955
19.049999237060547 -4.754095204220128 -7.85141124390201 -9.762592369445638 -11.237014006023408
19.149999618530273 -4.5370560180759725 -7.805230748045002 -9.79477003126889 -11.237548027720266
19.25 -4.674507498959866 -7.733774535765615 -9.730248282138561 -11.215640030144623
19.350000381469727 -4.690604315564251 -7.8829345926182555 -9.762973648573183 -11.192372715104614
19.450000762939453 -4.889132490083661 -7.9446658311471126 -9.780440027029456 -11.190613559882081
19.549999237060547 -4.871702664648328 -7.856887187141794 -9.695692538475697 -11.17664207215336
19.649999618530273 -4.52857552894254 -7.869737611082865 -9.788345794894923 -11.159461963616952
19.75 -4.486631258618232 -7.94196744684961 -9.70522470357426 -11.161107227963114
19.850000381469727 -5.036758858820907 -7.9464587005446425 -9.603396514001375 -11.135810920724364
19.950000762939453 -4.669314766121477 -7.803859413512733 -9.653301315511463 -11.137600494015388
20.049999237060547 -4.744316376200668 -8.023777208853783 -9.658242655881487 -11.10905021825026
20.149999618530273 -4.801989655738971 -7.843409786481672 -9.655710826234973 -11.111594083333035
20.25 -4.381827836286167 -7.886913344352923 -9.664195136506603 -11.108186539706072
20.350000381469727 -4.3170460008271405 -7.938191860368814 -9.67408208480294 -11.09453142670846
20.450000762939453 -4.367258001111622 -7.786472848149135 -9.605597188695917 -11.086259423914115
20.549999237060547 -4.994138784386827 -7.840725077847431 -9.542646295033784 -11.068992608419272
20.649999618530273 -4.39724987630256 -7.82735855560399 -9.599152367186182 -11.062820166101208
20.75 -4.728938276971789 -7.761669171087892 -9.554382047296215 -11.061567430013405
20.850000381469727 -4.464475605776684 -7.74272463262842 -9.546662277825114 -11.020334059393338
20.950000762939453 -4.773825416834132 -7.821417555830408 -9.512836636278262 -11.015006509791007
21.049999237060547 -4.375174142222484 -7.763024194482359 -9.50300327404847 -11.010125694413375
21.149999618530273 -4.264238355915541 -7.785723575440748 -9.534529886394676 -11.010884564421094
21.25 -4.68020639973561 -7.802532769722561 -9.504464694877043 -10.992718367311387
21.350000381469727 -4.770380136806931 -7.748030838021137 -9.476618072311162 -10.978122762493669
21.450000762939453 -4.324730923246669 -7.762216748371429 -9.504764735770994 -10.975729857318772
21.549999237060547 -4.520132304005617 -7.761513777011473 -9.496125662821228 -10.958498901406166
21.649999618530273 -4.706061718236683 -7.72506773345118 -9.458430289773247 -10.945638226867686
21.75 -4.903208992783686 -7.720762502382236 -9.452072253287604 -10.944215278395408
21.850000381469727 -4.56457256508461 -7.7159562755019735 -9.43950769839336 -10.928603136651201
21.950000762939453 -4.873347813155348 -7.805541450862396 -9.39928662630372 -10.910380097321223
22.049999237060547 -4.563024994267078 -7.7306022464130955 -9.396871125993819 -10.909870654498185
22.149999618530273 -4.628225602080594 -7.753884668974067 -9.350798449444344 -10.908745139630255
22.25 -4.519799462270367 -7.805236605604659 -9.38769586246067 -10.897220830401064
22.350000381469727 -4.939743787525661 -7.669338013429769 -9.35007010378639 -10.888425016348016
22.450000762939453 -4.960700673522574 -7.6379129882392895 -9.335634504377545 -10.868625488372047
22.549999237060547 -4.859753406161005 -7.681133346633924 -9.304221668258187 -10.870941804931554
22.649999618530273 -4.781350379749334 -7.6571945175075555 -9.313319544399214 -10.844460599713834
22.75 -4.415932011993675 -7.693100105308314 -9.33742620073367 -10.860890315651389
22.850000381469727 -4.783511257369916 -7.714579372995598 -9.305399808907964 -10.845224186970967
22.950000762939453 -4.60218116272701 -7.692014341706194 -9.2433340022882 -10.830417611340796
23.049999237060547 -4.720682900622588 -7.614372939991288 -9.258155048023692 -10.822223467320761
23.149999618530273 -4.812929243183582 -7.630295080009869 -9.203913915348672 -10.807249021452577
23.25 -4.508268671620591 -7.663235806244671 -9.20699365905779 -10.803096263861459
23.350000381469727 -4.465307233695604 -7.720145043054373 -9.195850699683547 -10.79847750008209
23.450000762939453 -4.725189393962673 -7.717157574591045 -9.185291738475257 -10.770651079453973
23.549999237060547 -4.775550571230127 -7.634996474979651 -9.149058158365861 -10.763291863673636
23.649999618530273 -4.530181484813049 -7.728915627640081 -9.174530947460351 -10.77130975902768
23.75 -4.760633441566291 -7.618312938830602 -9.121858565525777 -10.754802592155219
23.850000381469727 -4.844373406665294 -7.515193066669816 -9.07857161249958 -10.689214784373753
23.950000762939453 -4.480988758761928 -7.317814084427056 -8.729779682965425 -10.348299284508386
24.049999237060547 -3.6819917364131207 -7.089086396286536 -8.330352431573964 -10.040212055014397
24.149999618530273 -4.262617824183334 -7.034620899927262 -7.804407944600953 -9.666170017996201
24.25 -3.5332848637633774 -6.592998534392297 -7.444730117657755 -9.316585469172956
24.350000381469727 -3.7184768790915896 -6.14474608490692 -6.612463397415343 -8.826647820616763
24.450000762939453 -2.7393259746488567 -5.8509178969015 -6.266013584811837 -8.412092497771923
24.549999237060547 -3.200177051104788 -5.219012892559988 -5.203999705865808 -7.868813159392566
24.649999618530273 -3.0095248924161844 -4.789664235849656 -4.559620738065572 -7.406291872266102
24.75 -2.518374693638272 -4.070133856315394 -3.7634409651223315 -7.139999083701575
24.850000381469727 -2.9764486972105075 -4.067428044161119 -3.925437052439836 -6.647372051668139
24.950000762939453 -2.5261768280480403 -4.06010790449422 -3.4527002594620377 -6.3300904467686365
