Models/Kasen_0.03_0.1_1e-2.0.dat
# %ECSV 0.9
# ---
# datatype:
# - name: time
#   datatype: float64
# - name: sdss_g
#   datatype: float64
# - name: sdss_r
#   datatype: float64
# - name: sdss_i
#   datatype: float64
# - name: Clear
#   datatype: float64
# meta: !!omap
# - comment:
#   - type = Kasen
#   - mass = 0.03
#   - velocity = 0.1
#   - Xlan = 1e-2.0
# schema: astropy-2.0
time sdss_g sdss_r sdss_i Clear
-1.9500000476837158 nan nan nan nan
-1.850000023841858 nan nan nan nan
-1.75 nan nan nan nan
-1.649999976158142 nan nan nan nan
-1.5499999523162842 nan nan nan nan
-1.4500000476837158 nan nan nan nan
-1.350000023841858 nan nan nan nan
-1.25 nan nan nan nan
-1.149999976158142 nan nan nan nan
-1.0499999523162842 nan nan nan nan
-0.949999988079071 nan nan nan nan
-0.8500000238418579 nan nan nan nan
-0.75 nan nan nan nan
-0.6499999761581421 nan nan nan nan
-0.550000011920929 nan nan nan nan
-0.44999998807907104 nan nan nan nan
-0.3499999940395355 nan nan nan nan
-0.25 nan nan nan nan
-0.15000000596046448 nan nan nan nan
-0.05000000074505806 nan nan nan nan
0.05000000074505806 -8.932084332123392 -8.57038301991576 -8.566389134212624 -8.953369298725114
0.15000000596046448 -11.892378274274925 -12.16091547590569 -12.206639889466665 -12.259853061725117
0.25 -11.769234504247102 -12.78634223243288 -12.838984688540979 -12.744657027663013
0.3499999940395355 -11.456359243082872 -12.890266041584702 -13.08963091683357 -12.994264449767158
0.44999998807907104 -11.25430615484218 -12.87757432291128 -13.238236535909806 -13.14459273179191
0.550000011920929 -11.155193757946222 -12.816911903946718 -13.306909625779767 -13.302405674470819
0.6499999761581421 -11.120507375817844 -12.791331878216006 -13.362913219456697 -13.417622273388112
0.75 -10.853916457184543 -12.665792184236757 -13.334729989117324 -13.492861823501038
0.8500000238418579 -10.638182332813944 -12.580000405276948 -13.382748689051084 -13.590772366614047
0.949999988079071 -10.52910126420602 -12.550635472679666 -13.365208881939019 -13.666465146720089
1.0499999523162842 -10.355443022575045 -12.42343866580632 -13.315383284314212 -13.708015724541369
1.149999976158142 -9.977257473887615 -12.353750332982983 -13.240411139302559 -13.758292622968284
1.25 -9.852862869994343 -12.314149028867124 -13.240527650684086 -13.797565943050945
1.350000023841858 -9.749070804823734 -12.253255830032415 -13.193291827883598 -13.834660665006766
1.4500000476837158 -9.586431136519863 -12.191993250651525 -13.19031527441718 -13.868442979443671
1.5499999523162842 -9.34856180652844 -12.056758777769367 -13.122984884060486 -13.883971446446452
1.649999976158142 -9.279002073056219 -12.050736058051033 -13.09385825491021 -13.933219611979396
1.75 -9.187950499812125 -12.001966557954532 -13.05084975519419 -13.94308559721167
1.850000023841858 -8.90285342918683 -11.885168901884605 -13.025309047224983 -13.984966179341694
1.9500000476837158 -9.007330371784573 -11.85251104726704 -13.025284875384582 -13.986979535613226
2.049999952316284 -8.601708664501349 -11.795507764256897 -12.993158184603374 -14.034188081776591
2.1500000953674316 -8.543654412508406 -11.696902894350387 -12.933070285686586 -14.022440840708654
2.25 -8.53085751046806 -11.6877788253475 -12.924852750875147 -14.039876957028326
2.3499999046325684 -8.382251571474082 -11.627412330638663 -12.84193449777042 -14.036402173939972
2.450000047683716 -8.239108027586717 -11.553351255379209 -12.856165631289883 -14.017638403460559
2.549999952316284 -8.23118404628606 -11.389775106713145 -12.761169622358874 -14.033395855614181
2.6500000953674316 -7.738590405331216 -11.332228761063163 -12.750807160499996 -14.009236316335212
2.75 -7.451995910243259 -11.261481242566948 -12.709823084342538 -14.005601591854784
2.8499999046325684 -7.649708110662441 -11.202265447383539 -12.60761945561821 -14.017036685469705
2.950000047683716 -7.7633826423133705 -11.141399326377773 -12.55358869154864 -13.97866145626713
3.049999952316284 -7.259515289459333 -11.007644745391701 -12.548594707656342 -13.972379469957623
3.1500000953674316 -7.474891249136903 -10.932607052526418 -12.46420548528683 -13.974564931552123
3.25 -7.261265003468772 -10.905191170352232 -12.426304579124448 -13.94462527748642
3.3499999046325684 -6.885904651896183 -10.776670536004815 -12.384071460710416 -13.9242264768931
3.450000047683716 -6.673022035223418 -10.719709720215842 -12.320831994195075 -13.93098858767462
3.549999952316284 -6.802638752874188 -10.576263672393512 -12.205340670481132 -13.918109231143696
3.6500000953674316 -6.44586768498732 -10.62548408566644 -12.233879406943938 -13.894959022604588
3.75 -6.714090695997275 -10.47784246986295 -12.145788078291744 -13.89850456636934
3.8499999046325684 -6.631053923618445 -10.27431924315109 -12.07211655584857 -13.888775311261334
3.950000047683716 -6.642807467780699 -10.36197769584356 -12.034924498732114 -13.875399921099394
4.050000190734863 -6.459448463051739 -10.173880790549962 -11.96658364643094 -13.853384874568771
4.150000095367432 -6.088577275280137 -10.058782939634341 -11.932691081868679 -13.860188873087594
4.25 -6.13593389731745 -10.087157653410095 -11.858720699932373 -13.864625895834287
4.349999904632568 -5.621602547418981 -9.937943675367531 -11.84205889962962 -13.850091767122002
4.449999809265137 -5.489987031540302 -10.022303855261331 -11.700406097897769 -13.825050749693872
4.550000190734863 -5.926739733335008 -9.799087992540837 -11.746572149689918 -13.832831975000452
4.650000095367432 -6.046996566065612 -9.698170897680392 -11.639082710582812 -13.832809923510002
4.75 -4.405115207452177 -9.654206504190757 -11.54944107101197 -13.834789764285297
4.849999904632568 -4.982881472580569 -9.600321318831202 -11.549247157775095 -13.821021037641948
4.949999809265137 -5.593906156334299 -9.47719779084413 -11.516813659312138 -13.811040475807694
5.050000190734863 -4.841516524246224 -9.489545680491187 -11.44128838112692 -13.811429017335726
5.150000095367432 -4.9078445104533515 -9.280145042426867 -11.405214507551804 -13.828260925596702
5.25 -4.898183184946934 -9.295474477730938 -11.368644242228541 -13.821955460860522
5.349999904632568 -5.175733847104368 -9.393508556248591 -11.360094203105508 -13.807975629908505
5.449999809265137 -4.695897018550593 -9.152333172984328 -11.311549202381773 -13.797602716280501
5.550000190734863 -5.006110892730504 -9.23184198762279 -11.290814123398903 -13.795190442075882
5.650000095367432 -4.726151690376902 -9.166810681561874 -11.186000790922137 -13.79226709809079
5.75 -5.653500220761167 -9.001106592663888 -11.195456134513634 -13.792552341435574
5.849999904632568 -4.7734892120126275 -9.065617644139053 -11.108988147097556 -13.781169512586011
5.949999809265137 -4.528943093427536 -8.940356886765628 -11.045397000796925 -13.77526401468839
6.050000190734863 -5.2406116676362196 -8.868475959088904 -11.084790568684461 -13.758259504111308
6.150000095367432 -4.550867953261559 -8.928098262689176 -11.017330302728567 -13.763103567159035
6.25 -4.172242702508822 -8.666171893057783 -10.937801364444919 -13.749959602107939
6.349999904632568 -3.844158175546223 -8.956422670067006 -10.948765048139862 -13.733948929516195
6.449999809265137 -4.594928952147129 -8.750971066534838 -10.826676523850782 -13.714026493774742
6.550000190734863 -4.138157961451601 -8.603330256666453 -10.728579785165515 -13.697175907633504
6.650000095367432 -4.610051204556193 -8.471427287919692 -10.828825575202398 -13.690257449753318
6.75 -4.3170998783637735 -8.581638992717668 -10.714512498768837 -13.684340233143548
6.849999904632568 -4.810632340941233 -8.420999484855212 -10.737584901239074 -13.66640329069087
6.949999809265137 -4.1244520893115855 -8.404574319599941 -10.6721327162434 -13.64313884643844
7.050000190734863 -4.871566005231138 -8.492610473923463 -10.635573901496642 -13.629311326280611
7.150000095367432 -4.355469562661455 -8.533584642099544 -10.559604252932552 -13.610521681384206
7.25 -4.4176421749355725 -8.417678782965904 -10.561139284671128 -13.594652072573542
7.349999904632568 -3.2295367594035085 -8.427682682758636 -10.546988373261769 -13.571936911971065
7.449999809265137 -5.128540284645638 -8.282316058744382 -10.516901501774658 -13.545258486047526
7.550000190734863 -4.600397617099638 -8.15034887731128 -10.527531881254859 -13.538220744585658
7.650000095367432 -4.54546732434137 -7.812302443719297 -10.426153981534412 -13.505832493260197
7.75 -4.422144636430307 -8.102765841079286 -10.452815824740433 -13.482933477524046
7.849999904632568 -4.603664907060459 -8.099602947100962 -10.287462678422578 -13.459349294116947
7.949999809265137 -3.7843373224488737 -7.88943177378659 -10.315037306418336 -13.43832762945187
8.050000190734863 -4.239538093565201 -8.183990097518297 -10.20522576512225 -13.41067328697839
8.149999618530273 -4.29084330267608 -7.954920007960212 -10.2849964599007 -13.377790041328474
8.25 -3.9714775335137453 -8.11468137647691 -10.257599005397779 -13.359854920826038
8.350000381469727 -4.15423692571666 -7.781418812276449 -10.211466641210993 -13.332610131881008
8.449999809265137 -5.161595091471604 -8.036029894232165 -10.134464184243054 -13.308556225944034
8.550000190734863 -5.027303191911294 -8.048787980465804 -10.199892055967869 -13.277338999495353
8.649999618530273 -4.077928432096787 -7.637773860016914 -10.109093252397368 -13.261526358850318
8.75 -4.122163781470235 -8.141699255772082 -10.016671264590169 -13.224784626954772
8.850000381469727 -3.409890463759659 -7.956011435254474 -10.007250447418482 -13.190725875683746
8.949999809265137 -4.327833668885241 -7.7116793257313105 -10.071858836795002 -13.170838204329325
9.050000190734863 -4.161965760224376 -8.051501650493783 -10.005786409584836 -13.126218807598761
9.149999618530273 -4.744046871176167 -7.83904876980279 -10.083147973255361 -13.090548607577134
9.25 -3.68851629815018 -7.639042436281478 -9.928666430838462 -13.064331103025175
9.350000381469727 -4.978304296267236 -7.834475042065339 -10.019142334210436 -13.049267851834578
9.449999809265137 -4.946863298427495 -7.62670209216293 -9.997741194565343 -13.018437338949145
9.550000190734863 -4.731197894517475 -7.565825780776805 -9.957095797845923 -12.982282473636477
9.649999618530273 -4.9539971668759755 -7.836746306652827 -9.915989236160463 -12.956499729960324
9.75 -3.95613817435488 -8.053508043334901 -9.973747734126249 -12.92475007206479
9.850000381469727 -4.21452850573931 -7.770091539841509 -9.835227727588276 -12.871816982679881
9.949999809265137 -4.627116984419949 -7.682633208704782 -9.977440162032817 -12.84508322540568
10.050000190734863 -3.8795377652801477 -7.892544949369839 -9.946469871533928 -12.801182662734568
10.149999618530273 -4.031736224158198 -8.017625554869838 -9.914401965822663 -12.76543278041154
10.25 -4.57602786220513 -8.036680301105942 -9.8974228522927 -12.738829967118566
10.350000381469727 -3.593256426930477 -7.721470845863614 -10.083511958720788 -12.702961471198478
10.449999809265137 -4.2829481315280304 -7.538462441282611 -9.94759908685904 -12.667595648424275
10.550000190734863 -3.9694933763108367 -8.000963533311229 -9.962296590068085 -12.62905612313606
10.649999618530273 -4.85571655092437 -7.862487928460226 -9.949090984972749 -12.604445010856224
10.75 -4.300532762306382 -8.089989636010301 -9.911278039153796 -12.567364225243246
10.850000381469727 -4.10302857110139 -7.899564935838086 -9.962613438654945 -12.524371118133157
10.949999809265137 -4.3399735960736905 -7.925903062043318 -9.868772528120534 -12.493183179773013
11.050000190734863 -4.445512444341631 -7.738859225159413 -9.80327237676418 -12.452963624832002
11.149999618530273 -4.430278007958275 -7.8857760115298206 -9.857605746364804 -12.409173417661869
11.25 -4.645877675591663 -7.738599462661568 -9.83642275172063 -12.373490423838753
11.350000381469727 -3.8913772421989172 -7.8288861777439465 -9.841369403837312 -12.334846843242651
11.449999809265137 -4.382612712332051 -7.634685739439512 -9.948284231459816 -12.311593301125946
11.550000190734863 -3.550417429311615 -7.757158691706401 -9.903152232677137 -12.280869009439659
11.649999618530273 -4.045735456354841 -7.427014261924249 -9.90870776571957 -12.245053795240601
11.75 -4.706299282711264 -7.855075209890053 -9.880921266873042 -12.205866314882574
11.850000381469727 -4.183115101399768 -7.80277309648967 -9.860025661040112 -12.17193127178789
11.949999809265137 -4.543400615724842 -7.7840705691991445 -9.786779819612278 -12.144812871644302
12.050000190734863 -3.9502623771288263 -7.658898868508189 -9.876690765449379 -12.11143537261561
12.149999618530273 -3.9264076593852444 -7.711692676305418 -9.903071217393055 -12.088567957290785
12.25 -3.9053844409063316 -7.687372813664517 -9.868612557779706 -12.044648653387362
12.350000381469727 -4.886134047808412 -7.951067904220846 -9.83116707563266 -12.017008951092354
12.449999809265137 -3.625389280893206 -7.974614679142384 -9.895180870079777 -11.98559573051573
12.550000190734863 -4.400099690700237 -7.66755316804155 -9.805262229318995 -11.967091466919015
12.649999618530273 -4.348018850250412 -7.718587589623979 -9.803938778475953 -11.930912938837025
12.75 -4.624622374879397 -7.8088141057881835 -9.785254933082829 -11.888000764375587
12.850000381469727 -4.31966901478069 -7.597417069695517 -9.807275819199557 -11.856779809221493
12.949999809265137 -4.022647180262805 -7.6817990622908425 -9.893267313204138 -11.828479185987
13.050000190734863 -4.427569840962036 -7.805083838220106 -9.79911160086452 -11.801791439926724
13.149999618530273 -4.590539679758436 -7.701311905296027 -9.878735524140822 -11.788406984823048
13.25 -4.231348431794096 -7.680807557295971 -9.870084529837161 -11.758183483692388
13.350000381469727 -4.274757349304647 -7.8257988680702475 -9.856568739036081 -11.737266476089921
13.449999809265137 -4.237251875697108 -7.69327273830212 -9.874701217318972 -11.71882262589704
13.550000190734863 -4.400263737014157 -7.850869418133563 -9.794448393846764 -11.674164415533149
13.649999618530273 -4.8035747629826915 -7.672676397233989 -9.832380998559675 -11.678887339714265
13.75 -4.1321165647910405 -7.728617027444972 -9.8162904960895 -11.658876618127444
13.850000381469727 -3.403163840879266 -7.581549464752435 -9.772345784656117 -11.614056261757469
13.949999809265137 -3.8283197024729816 -7.602755128006077 -9.769178618516314 -11.613555565601612
14.050000190734863 -4.129164228084896 -7.651129342345765 -9.825221833907666 -11.583889478378222
14.149999618530273 -4.015490644656957 -7.629564634139314 -9.783410013810062 -11.5616158640474
14.25 -3.754297400227486 -7.624453915432788 -9.751055312502931 -11.551037613997785
14.350000381469727 -3.9881253123770506 -7.625736337391139 -9.781543809453986 -11.530986819126916
14.449999809265137 -3.737907292177919 -7.669847735888837 -9.785884533601525 -11.498469994383122
14.550000190734863 -4.588367520113543 -7.637996955321842 -9.637419549459175 -11.488257564097612
14.649999618530273 -4.515062999711038 -7.8489282532025975 -9.701650674550923 -11.472811936403826
14.75 -4.511852373669054 -7.6305522076785195 -9.647440876897058 -11.453825612723787
14.850000381469727 -4.614718337231956 -7.52616671174362 -9.651647779212567 -11.434845906027636
14.949999809265137 -4.177675625862314 -7.724994413504923 -9.709904494760195 -11.413802990542088
15.050000190734863 -4.414691293262003 -7.905923316971943 -9.69010069767931 -11.40397837419351
15.149999618530273 -4.141843412507605 -7.707039267133318 -9.64489932599168 -11.395442468363072
15.25 -3.739699221700974 -7.760902486041303 -9.627460588986366 -11.36171580240243
15.350000381469727 -4.107470715791546 -7.378225512184798 -9.649190046417921 -11.37338678908895
15.449999809265137 -4.193828262120757 -7.763572525570694 -9.69661020185837 -11.357545945890493
15.550000190734863 -4.4223019896815465 -7.749896572267911 -9.66940281650501 -11.340542936483004
15.649999618530273 -4.246562930268723 -7.6013516188399635 -9.653702219251787 -11.32741951650901
15.75 -4.791051381549401 -7.616541684621769 -9.613340135280094 -11.316414792328484
15.850000381469727 -4.264163590475395 -7.481611534213663 -9.62561772227819 -11.300927081913713
15.949999809265137 -4.118085756703511 -7.612948755062163 -9.615478965100554 -11.281808003660878
16.049999237060547 -4.127682794669212 -7.471500221849084 -9.63817630580018 -11.259267978633765
16.149999618530273 -4.217862374296676 -7.529201310119902 -9.55697663424736 -11.25923947374893
16.25 -4.70263891627701 -7.482762149041545 -9.56304238834747 -11.21721690374077
16.350000381469727 -4.379792099621547 -7.5956316170983165 -9.536395888796221 -11.21265211627857
