Models/Kasen_0.04_0.2_1e-2.5.dat
# %ECSV 0.9
# ---
# datatype:
# - name: time
#   datatype: float64
# - name: sdss_g
#   datatype: float64
# - name: sdss_r
#   datatype: float64
# - name: sdss_i
#   datatype: float64
# - name: Clear
#   datatype: float64
# meta: !!omap
# - comment:
#   - type = Kasen
#   - mass = 0.04
#   - velocity = 0.2
#   - Xlan = 1e-2.5
# schema: astropy-2.0
time sdss_g sdss_r sdss_i Clear
[from data line 185]
16.549999237060547 -6.131331020292794 -7.929870006341925 -8.909437267330421 -10.661439506809405
16.649999618530273 -6.032801865850466 -7.625424634641174 -8.471090600932243 -10.35098345399016
16.75 -5.452948544715582 -7.216255042461309 -8.071290495457362 -9.95094768784677
16.850000381469727 -5.345476055302168 -6.723357025597675 -7.438493886958749 -9.531941112174742
16.950000762939453 -5.2359539375182536 -6.430489438217698 -6.9130215465694675 -9.107000705717958
17.049999237060547 -4.93126435794855 -5.835947986249408 -6.051164311518214 -8.604613669261191
17.149999618530273 -4.4706536473091205 -5.380917250184883 -5.659508947721228 -8.148791537248844
17.25 -4.453896858352717 -5.351555962851961 -5.649247805080236 -7.666820772016347
17.350000381469727 -3.9032570454560442 -5.185582643858673 -5.311947933853531 -7.243069536556501
17.450000762939453 -3.4329144542658625 -4.844312763429176 -5.029667127006416 -7.000479868831732
17.549999237060547 -3.477003939064751 -4.98969528540238 -4.606844733883914 -6.68196927104723
17.649999618530273 -3.1553699578331624 -4.754235323539838 -4.285222431128538 -6.500858614860135
17.75 -2.8206114344515676 -4.763167960461178 -4.241718550971655 -6.320750418956365
17.850000381469727 -2.0989504029722816 -4.519913330653171 -4.30182499038267 -5.996387430300537
17.950000762939453 -2.3986128533407296 -4.52815972941432 -3.6179839480883373 -5.6514015443278005
18.049999237060547 -2.490636554958485 -3.8665632487606025 -2.7713253550901342 -5.513229823896147
18.149999618530273 -2.6550062184955507 -3.1115934666453455 -3.175086543669398 -5.44188684953583
18.25 -2.6761499328502865 -2.900621038582397 -2.9928697064482286 -5.326454014905796
18.350000381469727 -1.7356484812153035 -2.8879647644001594 nan -4.891483558251114
18.450000762939453 -1.490530540360263 -2.922772908569584 -1.5771470991927838 -5.008327591968815
18.549999237060547 -1.531694308502031 nan nan -4.686145147278307
18.649999618530273 -1.0681035130432601 0.30632346812759614 -1.5684922926274698 -4.680961039987842
18.75 -1.5109110296188142 -2.161714275103158 -1.653593371554905 -4.88725397845565
18.850000381469727 3.157818732262653 -1.3024216043192176 nan -4.112530362077226
18.950000762939453 nan nan 4.444416852629939 -4.367069968979973
19.049999237060547 2.4388888401488487 1.989526529515235 nan -4.3235949358751675
19.149999618530273 nan nan nan -4.291979553587915
19.25 2.486940263617031 2.0375779529834173 nan -4.153489349524271
19.350000381469727 3.215743336123573 0.9061427842747847 nan -4.389206086689665
19.450000762939453 nan nan nan -3.903420073370558
19.549999237060547 nan nan nan -3.5951267179543365
19.649999618530273 nan nan nan -3.8848318788604033
19.75 nan nan nan -3.347844101747171
19.850000381469727 nan nan nan -3.3515922195814802
19.950000762939453 nan nan nan -3.5883726741703867
20.049999237060547 nan nan nan -2.2845819946201154
20.149999618530273 nan nan nan -3.2386418531282963
20.25 nan nan nan -2.901458722537786
20.350000381469727 nan nan nan -2.7718655391440663
20.450000762939453 nan nan nan -2.281307318591015
20.549999237060547 nan nan nan -2.7988148208329093
20.649999618530273 nan nan nan -2.1300203380524074
20.75 nan nan nan -2.4168793472516406
20.850000381469727 nan nan nan -1.9580206208546471
20.950000762939453 nan nan nan -1.6562534826840576
21.049999237060547 nan nan nan -1.5080256471330244
21.149999618530273 nan nan nan -1.629479714034872
21.25 nan nan nan -1.5461678821123996
21.350000381469727 nan nan nan -1.1390462604060048
21.450000762939453 nan nan nan -1.4149480109805275
21.549999237060547 nan nan nan -1.8745022589516864
21.649999618530273 nan nan nan -1.0150503063299716
21.75 nan nan nan -1.625988416542981
21.850000381469727 nan nan nan -0.9017528521459006
21.950000762939453 nan nan nan -1.2074344243035782
22.049999237060547 nan nan nan -1.0799961202424129
22.149999618530273 nan nan nan -0.5047569401708465
22.25 nan nan nan -0.4141458764841488
22.350000381469727 nan nan nan -1.3061175135137155
22.450000762939453 nan nan nan -0.61396835834055
22.549999237060547 nan nan nan -0.5185936875878312
22.649999618530273 nan nan nan 0.36492449590355136
22.75 nan nan nan -0.7498348370941343
22.850000381469727 nan nan nan 0.06959478469479308
22.950000762939453 nan nan nan 0.09775078456534203
23.049999237060547 nan nan nan -0.8279491592293375
23.149999618530273 nan nan nan -0.262595255026028
23.25 nan nan nan nan
23.350000381469727 nan nan nan 0.3083312881355553
23.450000762939453 nan nan nan nan
23.549999237060547 nan nan nan -0.028222754421012297
23.649999618530273 nan nan nan 0.18201420411916658
23.75 nan nan nan nan
23.850000381469727 nan nan nan nan
23.950000762939453 nan nan nan 1.0468289297857094
24.049999237060547 nan nan nan -0.8175880775631192
24.149999618530273 nan nan nan -0.34029982405136394
24.25 nan nan nan nan
24.350000381469727 nan nan nan 0.5389900951020614
24.450000762939453 nan nan nan nan
24.549999237060547 nan nan nan 0.044499520417097926
24.649999618530273 nan nan nan 0.3143842085632329
24.75 nan nan nan nan
24.850000381469727 nan nan nan 0.4605442655439589
24.950000762939453 nan nan nan -0.6124003759208421
