Models/Kasen_0.03_0.03_1e-4.0.dat
# %ECSV 0.9
# ---
# datatype:
# - name: time
#   datatype: float64
# - name: sdss_g
#   datatype: float64
# - name: sdss_r
#   datatype: float64
# - name: sdss_i
#   datatype: float64
# - name: Clear
#   datatype: float64
# meta: !!omap
# - comment:
#   - type = Kasen
#   - mass = 0.03
#   - velocity = 0.03
#   - Xlan = 1e-4.0
# schema: astropy-2.0
time sdss_g sdss_r sdss_i Clear
-1.9500000476837158 nan nan nan nan
-1.850000023841858 nan nan nan nan
-1.75 nan nan nan nan
-1.649999976158142 nan nan nan nan
-1.5499999523162842 nan nan nan nan
-1.4500000476837158 nan nan nan nan
-1.350000023841858 nan nan nan nan
-1.25 nan nan nan nan
-1.149999976158142 nan nan nan nan
-1.0499999523162842 nan nan nan nan
-0.949999988079071 nan nan nan nan
-0.8500000238418579 nan nan nan nan
-0.75 nan nan nan nan
-0.6499999761581421 nan nan nan nan
-0.550000011920929 nan nan nan nan
-0.44999998807907104 nan nan nan nan
-0.3499999940395355 nan nan nan nan
-0.25 nan nan nan nan
-0.15000000596046448 nan nan nan nan
-0.05000000074505806 nan nan nan nan
0.05000000074505806 nan nan nan -5.959815194417054
0.15000000596046448 -12.320469343293365 -12.032493304883516 -11.688944302844018 -12.337415361878126
0.25 -13.308501000170374 -12.89310990594197 -12.54362440602318 -13.270486531694495
0.3499999940395355 -13.817058966783996 -13.331540943900507 -12.98958463260535 -13.73482039580113
0.44999998807907104 -14.125882911454518 -13.669039610896561 -13.299052338280262 -14.020564848360731
0.550000011920929 -14.367061138596195 -13.943580079897448 -13.58537130987387 -14.2368425085599
0.6499999761581421 -14.518912682475186 -14.137082763339336 -13.759810060370508 -14.379487428087803
0.75 -14.64692095862926 -14.284572247917843 -13.924230283461547 -14.473470535347378
0.8500000238418579 -14.718788768043492 -14.415227385043476 -14.090181728891665 -14.562321415927226
0.949999988079071 -14.813689864169227 -14.543285903715784 -14.209677359845614 -14.65073297275383
1.0499999523162842 -14.867851963148631 -14.616954794801558 -14.34116934886682 -14.707405730839419
1.149999976158142 -14.910020188431012 -14.712554689958534 -14.4524679816422 -14.757565054234938
1.25 -14.947873237773827 -14.79538541325222 -14.54629172828082 -14.806405765328364
1.350000023841858 -15.014992268788141 -14.856119945627377 -14.632215283899473 -14.860138629627443
1.4500000476837158 -15.013512353543469 -14.884762327303172 -14.674444135756218 -14.866581900076294
1.5499999523162842 -15.017703679345793 -14.924814769802808 -14.722274428542018 -14.873338457224992
1.649999976158142 -15.098193777900153 -15.015999891145746 -14.82773470187928 -14.94838320299543
1.75 -15.08415532131773 -14.992129962520242 -14.817771776030106 -14.92866569806511
1.850000023841858 -15.067396262732679 -15.059350892025925 -14.90037717712914 -14.938314654497287
1.9500000476837158 -15.129914088920277 -15.115993324447434 -14.941715470933442 -14.990545007410454
2.049999952316284 -15.049030451469395 -15.113206888083752 -14.956235715270982 -14.942540438655403
2.1500000953674316 -15.116197692190966 -15.16615128019356 -15.015633006390217 -15.004469028886813
2.25 -15.013814073490288 -15.170098292684344 -15.013150819516092 -14.95113336195184
2.3499999046325684 -15.07456317426568 -15.214498524177657 -15.066107317459412 -15.006007758212128
2.450000047683716 -14.979277769659411 -15.260426861057823 -15.11122595955339 -14.980197003182823
2.549999952316284 -14.967530943232237 -15.23582193733424 -15.092632929511034 -14.969940478997025
2.6500000953674316 -14.958254473722857 -15.340018368019813 -15.177090441740756 -15.016263920245525
2.75 -14.808452075682858 -15.284896031625507 -15.115009661644727 -14.931837139364042
2.8499999046325684 -14.892050409466918 -15.350825287865547 -15.181363758141636 -15.002673074181253
2.950000047683716 -14.72700116337732 -15.35232262440384 -15.193941755839582 -14.952418237649923
3.049999952316284 -14.641471363848162 -15.347876169239324 -15.152636780263343 -14.913551768968873
3.1500000953674316 -14.715572625144006 -15.422668206062522 -15.236890750481077 -14.98676990584741
3.25 -14.47978096964711 -15.407218038010722 -15.229829498614052 -14.91723143455355
3.3499999046325684 -14.424352524947956 -15.38499593506096 -15.17429050457324 -14.879473998078517
3.450000047683716 -14.517818806698571 -15.452080603206443 -15.262053856100906 -14.952917159682642
3.549999952316284 -14.304209848953974 -15.433822559635466 -15.26254357826398 -14.899420738281496
3.6500000953674316 -14.18557688179915 -15.388003235449549 -15.205960411854829 -14.838283678609102
3.75 -14.2367533071059 -15.43684991893376 -15.262763261576819 -14.885112373874108
3.8499999046325684 -14.193402308229526 -15.450402118861899 -15.295265731042239 -14.89374542151338
3.950000047683716 -13.96115893098905 -15.378032209637784 -15.221983230015095 -14.801717863738673
4.050000190734863 -13.930651650037973 -15.360134807331082 -15.211132674047136 -14.781783348596718
4.150000095367432 -14.005007729638645 -15.411946116473214 -15.290796342842384 -14.837722190943929
4.25 -13.903354725283581 -15.406546819803573 -15.2679783029376 -14.821788931673694
4.349999904632568 -13.678739585686575 -15.298044318406852 -15.221276158531673 -14.729114318433727
4.449999809265137 -13.638346473954208 -15.250452103803653 -15.18519002698223 -14.698519273023436
4.550000190734863 -13.699448508339085 -15.295099141001458 -15.237314574000699 -14.745132126160982
4.650000095367432 -13.662762128429868 -15.27150169424263 -15.234043616986085 -14.73119262417633
4.75 -13.424769311067617 -15.20001878219998 -15.200592660715646 -14.661592210329836
4.849999904632568 -13.350027731306817 -15.104540543500775 -15.1356487182079 -14.595460783313527
4.949999809265137 -13.380657117348296 -15.096225491855197 -15.144337096941811 -14.60666322512931
5.050000190734863 -13.38887031851846 -15.135235414877961 -15.193990509649716 -14.64946320370085
5.150000095367432 -13.286248953407885 -15.048328536223043 -15.180558004531086 -14.59622128794284
5.25 -13.096993302509787 -14.953716198504736 -15.107346652236131 -14.515818559056804
5.349999904632568 -13.041400326894895 -14.849429202994507 -15.051992275425508 -14.45030643396176
5.449999809265137 -13.043871403371995 -14.846656595838365 -15.08294491174793 -14.478970184529235
5.550000190734863 -13.112559236490192 -14.856510276963249 -15.112672167755136 -14.504179337438224
5.650000095367432 -12.978412368213618 -14.802382327514167 -15.08906398273027 -14.464455089136322
5.75 -12.861116761495133 -14.653448192438983 -15.049310059273694 -14.388241989639472
5.849999904632568 -12.756854639667079 -14.52818756846828 -14.935762476430622 -14.298516046781664
5.949999809265137 -12.75618433499793 -14.484349346913817 -14.955080330009082 -14.29545917830422
6.050000190734863 -12.829186757548467 -14.55182332194504 -14.99095812098465 -14.347562502469607
6.150000095367432 -12.834455743562934 -14.532348864331333 -14.984295693160433 -14.346061345256693
6.25 -12.648332466484472 -14.45149404645623 -14.961901588966676 -14.293023918315363
6.349999904632568 -12.43848188711064 -14.29556108034435 -14.897291714172354 -14.202235782805353
6.449999809265137 -12.37946008067555 -14.190642348704465 -14.839602558688085 -14.142023628343875
6.550000190734863 -12.408997779806601 -14.17387785525224 -14.831388032619074 -14.151029742434218
6.650000095367432 -12.426903056523518 -14.17575322600435 -14.848550762317927 -14.165025357824348
6.75 -12.477822709939389 -14.181576781318206 -14.84719131568086 -14.178637054616999
6.849999904632568 -12.286659210498161 -14.115420441841973 -14.816022811141409 -14.131804822852686
6.949999809265137 -12.036930432561928 -13.996667132296956 -14.722410142955468 -14.050387822309066
7.050000190734863 -11.939235321066313 -13.820791817230155 -14.616686772522169 -13.951157601292444
7.150000095367432 -11.889127100827267 -13.79710374095777 -14.591684018950865 -13.942699668240337
7.25 -11.867384232955132 -13.771172793891175 -14.587517191500346 -13.946499698390422
7.349999904632568 -11.873540986360194 -13.78099921625195 -14.617710363634416 -13.973718516169598
7.449999809265137 -11.925387546500392 -13.762087059356745 -14.657238652265523 -13.983074231597222
7.550000190734863 -11.769545804896559 -13.692913575302043 -14.582320244136252 -13.930328161407363
7.650000095367432 -11.50608049546068 -13.525941880310494 -14.451129244131565 -13.823082527642338
7.75 -11.37602293759166 -13.301822598467695 -14.296141351062829 -13.706397249012994
7.849999904632568 -11.291240305715853 -13.198963291298632 -14.240325339171235 -13.665072014708919
7.949999809265137 -11.308746522816161 -13.189308058701481 -14.251118699963982 -13.680851121199208
8.050000190734863 -11.319992038189085 -13.183457981325489 -14.25762433253626 -13.695755376453107
8.149999618530273 -11.290788077371896 -13.151966401211357 -14.261477386002195 -13.700485101218671
8.25 -11.254493800219194 -13.140313209888287 -14.271055711844326 -13.683291917240847
8.350000381469727 -11.068562222059242 -13.040061604176877 -14.216717408038374 -13.64137077871698
8.449999809265137 -10.78898812378807 -12.865576037963734 -14.116262101493593 -13.555943628186341
8.550000190734863 -10.720932274406422 -12.76367037043618 -13.949095996241155 -13.46077528174935
8.649999618530273 -10.736630360657777 -12.663865019907245 -13.886705797377488 -13.426681725460977
8.75 -10.68872021466078 -12.619063960206038 -13.879884992364676 -13.43040969511366
8.850000381469727 -10.68919933024576 -12.606628791709195 -13.838770984817486 -13.437072541793196
8.949999809265137 -10.64368890147054 -12.642122306477582 -13.845413954574806 -13.446182594914578
9.050000190734863 -10.514643211569624 -12.582851778405221 -13.820863321857434 -13.430685161668222
9.149999618530273 -10.519367628019467 -12.531834639368661 -13.820876326243404 -13.413790848739989
9.25 -10.301292304517382 -12.377125899974349 -13.725360639202343 -13.356861652277779
9.350000381469727 -10.240729650186989 -12.291582682106977 -13.681132891504163 -13.29990518972712
9.449999809265137 -10.105142796983362 -12.239579953172594 -13.552917070352358 -13.256458046497777
9.550000190734863 -10.01498575042779 -12.259132490000344 -13.533358184439788 -13.22711447953732
9.649999618530273 -10.040332538335129 -12.200321626892585 -13.54138711944508 -13.250159659779662
9.75 -9.986850967164415 -12.20050645870823 -13.49431918455927 -13.244147012742886
9.850000381469727 -9.913979281985796 -12.131772875447147 -13.464239433664154 -13.240721936039009
9.949999809265137 -10.06384814928414 -12.12840807464093 -13.436731812448098 -13.204613822720592
10.050000190734863 -9.757662974308765 -12.087002213018717 -13.399996303273802 -13.193000929664908
10.149999618530273 -9.744739913603322 -12.02924228060671 -13.399094402627192 -13.17196648592034
10.25 -9.69214259869323 -11.946521769856638 -13.357899042776928 -13.127301609278994
10.350000381469727 -9.498410437411884 -11.863906920865432 -13.30133271982529 -13.103453866512424
10.449999809265137 -9.378021552669534 -11.833194120721846 -13.238640157275373 -13.073471986480541
10.550000190734863 -9.586964929640608 -11.884194267226796 -13.245016852822708 -13.083074188952509
10.649999618530273 -9.443910193627417 -11.81212788635423 -13.191229163703166 -13.079090008391578
10.75 -9.333016800572434 -11.809020808320696 -13.227308059650717 -13.08089313765965
10.850000381469727 -9.492121272059428 -11.761640374959324 -13.14526308920371 -13.06086901228926
10.949999809265137 -9.419139172053605 -11.741691853167861 -13.113619168913925 -13.042762076413045
11.050000190734863 -9.18748264606974 -11.63453667742385 -13.11299720766527 -13.011248238687521
11.149999618530273 -9.245884108221837 -11.658434038083858 -13.081834908726432 -12.986252698623716
11.25 -9.099914012471586 -11.546182443339578 -13.04535516350466 -12.958366374627698
11.350000381469727 -8.9142510579516 -11.538865265718755 -13.02481367394066 -12.920817319206712
11.449999809265137 -9.090989906985286 -11.51983969191193 -12.985570518930217 -12.930422842641601
11.550000190734863 -8.985164834254025 -11.511552573936424 -12.980469807436656 -12.933631642552701
11.649999618530273 -8.977852394548933 -11.52098443682437 -12.952365033327169 -12.929042388496818
11.75 -8.95419371428007 -11.464607647396768 -12.90641513248119 -12.925721431831661
11.850000381469727 -8.949136405238338 -11.509247826672741 -12.930895443608797 -12.909763765481795
11.949999809265137 -8.953243382344347 -11.432265822613395 -12.88986793178396 -12.873924463374074
12.050000190734863 -8.730704954511587 -11.483810811280566 -12.890661705293773 -12.845035305215156
12.149999618530273 -8.779794208986427 -11.31916297252009 -12.839407178565306 -12.801944014490267
12.25 -8.555443397641639 -11.267655103958123 -12.803993685592726 -12.773521598950559
12.350000381469727 -8.744190027685065 -11.26547101055311 -12.740657333262739 -12.757615988713443
12.449999809265137 -8.670228609364408 -11.254824266153658 -12.770317878952689 -12.754429773541492
12.550000190734863 -8.5184981385115 -11.167338387739981 -12.722491234728203 -12.752111555919619
12.649999618530273 -8.505310885522263 -11.172007419567471 -12.689462876961084 -12.748008253650788
12.75 -8.523620391555927 -11.272939320016988 -12.687919602848282 -12.732008945156139
12.850000381469727 -8.379198049694171 -11.220144928204483 -12.66258497361514 -12.70404146020762
12.949999809265137 -8.314655632866092 -11.168396890798746 -12.677615413182586 -12.671153263888286
13.050000190734863 -8.42602337690613 -11.152986724709521 -12.618101268195396 -12.64147992606959
13.149999618530273 -8.43064476381008 -11.122794762730134 -12.607554662667134 -12.603113906603639
13.25 -8.434020987436618 -11.061884043538466 -12.548606738344542 -12.572031339125168
13.350000381469727 -8.12665638456479 -11.00792342757397 -12.549537010654443 -12.5554972111767
13.449999809265137 -8.350796983858988 -11.004165013871646 -12.520075481885769 -12.555497579283148
13.550000190734863 -8.154546241991525 -10.980380478699121 -12.51825939769116 -12.541034016458635
13.649999618530273 -8.252686065249332 -11.028594870620665 -12.523761003113577 -12.542863144015381
13.75 -8.155798098659037 -11.008510871112726 -12.459160821727945 -12.502191958107296
13.850000381469727 -8.132536981543197 -11.057210231606678 -12.489839874470704 -12.475755073975975
13.949999809265137 -8.037976759830581 -10.984394513258614 -12.462488013134113 -12.443829786988552
14.050000190734863 -8.110440774378443 -10.89005817304269 -12.41510226771426 -12.424049389979874
14.149999618530273 -8.020272377102255 -10.850516991361431 -12.42639330402713 -12.390380413446636
14.25 -8.075547796006823 -10.745853019827535 -12.343507553877572 -12.346930940938314
14.350000381469727 -7.988649701491081 -10.827252450769013 -12.37719910502313 -12.34903103159137
14.449999809265137 -7.9134155690535515 -10.767928746890608 -12.326561629905544 -12.34695548542841
14.550000190734863 -8.026808674886198 -10.7683254148393 -12.3632239917141 -12.332857337060979
14.649999618530273 -7.924022297915453 -10.774042102762373 -12.314961248477058 -12.299203669674974
14.75 -7.785861522354519 -10.733420156418461 -12.3038327566594 -12.292000960913622
14.850000381469727 -8.030171941281008 -10.803839695269073 -12.327717138202946 -12.28090976647006
14.949999809265137 -7.6580478214729055 -10.738818616692122 -12.242811532218006 -12.24202867618764
15.050000190734863 -7.78667098471745 -10.73091768819399 -12.272405032949134 -12.231364596840251
15.149999618530273 -7.846592031592181 -10.67742856884194 -12.244631736933165 -12.211714021513423
15.25 -7.826194015665802 -10.601927278417797 -12.21228422212748 -12.17445331077138
15.350000381469727 -7.772914099973974 -10.587613471270302 -12.210063480210849 -12.173884340739338
15.449999809265137 -7.73097387086527 -10.618210027468344 -12.173609138190606 -12.160027461230364
15.550000190734863 -7.768730433847871 -10.548317175985499 -12.143315822678119 -12.154832056528932
15.649999618530273 -7.726606504149132 -10.598241728075266 -12.154573185315137 -12.137948573986186
15.75 -7.673529517420164 -10.58346583113251 -12.144218457274985 -12.115030063555267
15.850000381469727 -7.63922378202021 -10.562871527090323 -12.13388974476878 -12.101155520788868
15.949999809265137 -7.704896531230563 -10.484343632447594 -12.154143784677242 -12.094521258413515
16.049999237060547 -7.600488970648179 -10.489994186279915 -12.071935554155509 -12.043908365064393
16.149999618530273 -7.637249504208068 -10.434776699729806 -12.075072840326296 -12.044741860549323
