Models/Kasen_0.035_0.2_1e-2.0.dat
# %ECSV 0.9
# ---
# datatype:
# - name: time
#   datatype: float64
# - name: sdss_g
#   datatype: float64
# - name: sdss_r
#   datatype: float64
# - name: sdss_i
#   datatype: float64
# - name: Clear
#   datatype: float64
# meta: !!omap
# - comment:
#   - type = Kasen
#   - mass = 0.035
#   - velocity = 0.2
#   - Xlan = 1e-2.0
# schema: astropy-2.0
time sdss_g sdss_r sdss_i Clear
[from data line 185]
16.549999237060547 -5.448482829159449 -7.305786555682715 -8.237140418871867 -10.490455782891118
16.649999618530273 -5.4837058057605965 -6.941814908213335 -7.776078930102194 -10.143581137148221
16.75 -4.75155588598982 -6.805605973061379 -7.185047010509539 -9.785259923575325
16.850000381469727 -4.462679624245087 -6.156357068683825 -6.646092444459111 -9.343950885718336
16.950000762939453 -3.77347453562448 -6.020701801433624 -6.0583699829523106 -8.922691281951824
17.049999237060547 -3.8428100362046784 -5.225675236599713 -5.3476680188331756 -8.423736881289905
17.149999618530273 -3.6989950115613155 -4.319593254888844 -4.8258620556147775 -7.961088166654399
17.25 -3.282571547306503 -4.625469280750433 -4.267358378705175 -7.467115426417678
17.350000381469727 -2.8359029269798697 -4.920166601877792 -3.93316710939726 -7.033517672766379
17.450000762939453 -2.4827963453448163 -4.347209102191059 -3.7171862005324456 -6.739970114022718
17.549999237060547 -2.7715130727384896 -4.389979069436812 -3.7594808503757733 -6.4883752177758325
17.649999618530273 -0.7394906956724352 -3.9779716502202653 -4.191736590841131 -6.158590545900768
17.75 -1.014158072615178 -4.063539192501416 -3.7437795773709155 -6.069588819992237
17.850000381469727 -1.7069344882270059 -3.655526822284422 -3.4002461267492663 -5.776185784145664
17.950000762939453 -1.6271058856279748 -2.7987477987375016 -1.168434015475368 -5.528946082211739
18.049999237060547 2.571834322616855 -2.7598907478480257 3.168109241477808 -5.626262794900445
18.149999618530273 nan nan -3.009430413771174 -5.432428142184481
18.25 -0.6223046827529739 3.0886920995790046 nan -5.205198625786927
18.350000381469727 5.239857494723983 -1.7444580052484593 nan -5.150566787625561
18.450000762939453 nan nan nan -4.885948458237543
18.549999237060547 2.9843425124097216 1.497224785743125 nan -5.012098970478
18.649999618530273 nan nan nan -4.786507502849311
18.75 nan nan nan -4.4112404351536725
18.850000381469727 nan nan nan -4.409742990685903
18.950000762939453 nan nan nan -4.655626421173913
19.049999237060547 nan nan nan -4.303168426788659
19.149999618530273 nan nan nan -3.978924326220202
19.25 nan nan nan -3.6771107670503866
19.350000381469727 nan nan nan -4.0800126335369455
19.450000762939453 nan nan nan -3.3373173659446316
19.549999237060547 nan nan nan -3.188216581804177
19.649999618530273 nan nan nan -3.4538214435940304
19.75 nan nan nan -3.4106205948596866
19.850000381469727 nan nan nan -3.111102254590598
19.950000762939453 nan nan nan -2.9549691221720735
20.049999237060547 nan nan nan -3.0644707244617386
20.149999618530273 nan nan nan -2.8111319413420794
20.25 nan nan nan -1.8936043794210704
20.350000381469727 nan nan nan -2.3058701900779788
20.450000762939453 nan nan nan -2.5775556458028284
20.549999237060547 nan nan nan -2.273851077850807
20.649999618530273 nan nan nan -2.0647111843888233
20.75 nan nan nan -2.671583921518952
20.850000381469727 nan nan nan -1.7329043255019094
20.950000762939453 nan nan nan -2.2963181625054894
21.049999237060547 nan nan nan -0.48364093275767317
21.149999618530273 nan nan nan -1.5354985238033088
21.25 nan nan nan nan
21.350000381469727 nan nan nan nan
21.450000762939453 nan nan nan 0.7327340529643891
21.549999237060547 nan nan nan -0.7257830520486053
21.649999618530273 nan nan nan -0.7839640858929222
21.75 nan nan nan -0.7933643295211219
21.850000381469727 nan nan nan -0.43706914695012955
21.950000762939453 nan nan nan 0.7070854850329766
22.049999237060547 nan nan nan -1.3908142622122952
22.149999618530273 nan nan nan 0.1622509332534392
22.25 nan nan nan -1.631986251137505
22.350000381469727 nan nan nan -0.18605540430018408
22.450000762939453 nan nan nan -0.8754050324898053
22.549999237060547 nan nan nan nan
22.649999618530273 nan nan nan nan
22.75 nan nan nan nan
22.850000381469727 nan nan nan nan
22.950000762939453 nan nan nan 0.4547552051794099
23.049999237060547 nan nan nan 0.017401186795268586
23.149999618530273 nan nan nan nan
23.25 nan nan nan 0.5389877652213606
23.350000381469727 nan nan nan -0.17682480498734066
23.450000762939453 nan nan nan 0.34615518280090285
23.549999237060547 nan nan nan nan
23.649999618530273 nan nan nan nan
23.75 nan nan nan -1.2399503528707498
23.850000381469727 nan nan nan 0.2953229716883463
23.950000762939453 nan nan nan -1.1643491742376213
24.049999237060547 nan nan nan nan
24.149999618530273 nan nan nan nan
24.25 nan nan nan 0.7954723648207036
24.350000381469727 nan nan nan nan
24.450000762939453 nan nan nan nan
24.549999237060547 nan nan nan nan
24.649999618530273 nan nan nan nan
24.75 nan nan nan nan
24.850000381469727 nan nan nan nan
24.950000762939453 nan nan nan 0.3689880122814948
