Models/Kasen_0.03_0.2_1e-4.5.dat
# %ECSV 0.9
# ---
# datatype:
# - name: time
#   datatype: float64
# - name: sdss_g
#   datatype: float64
# - name: sdss_r
#   datatype: float64
# - name: sdss_i
#   datatype: float64
# - name: Clear
#   datatype: float64
# meta: !!omap
# - comment:
#   - type = Kasen
#   - mass = 0.03
#   - velocity = 0.2
#   - Xlan = 1e-4.5
# schema: astropy-2.0
time sdss_g sdss_r sdss_i Clear
[from data line 182]
16.25 -8.776844086854922 -10.798642379831108 -10.885938750063573 -10.558140356810107
16.350000381469727 -8.795123492576856 -10.758411293286102 -10.918926893481707 -10.568214748536864
16.450000762939453 -8.71874972626204 -10.73792089727134 -10.880007197857708 -10.541697132359232
16.549999237060547 -8.717957804929249 -10.718065074404716 -10.846444217354154 -10.526951446409583
16.649999618530273 -8.515130114646425 -10.541747155049144 -10.610174671770874 -10.332239543829367
16.75 -8.204376400125746 -10.151364463605375 -10.177782220358097 -9.973471364076829
16.850000381469727 -7.749350893131169 -9.83843658462553 -9.701787795034239 -9.609362696217808
16.950000762939453 -7.392728361529517 -9.395329183807245 -9.242949226341569 -9.213828726212029
17.049999237060547 -6.753937001704713 -8.993594269402653 -8.73317140574203 -8.819988567208611
17.149999618530273 -6.160681898761151 -8.396379594221713 -8.081578976951679 -8.378689992784636
17.25 -5.457653725291536 -7.820091063903305 -7.378050113224077 -7.831483772400407
17.350000381469727 -4.354461016769207 -7.067228892855702 -6.9551241063754645 -7.324986212401356
17.450000762939453 -3.717716499894987 -6.566203731162513 -6.260292193760716 -6.948786628332986
17.549999237060547 -3.7547651300506715 -6.164600670691186 -5.498176868335658 -6.5931753787988185
17.649999618530273 -3.164768210560325 -4.880176090552485 -4.929962263321691 -6.184016712206834
17.75 -1.7728834689863184 -4.722956850817347 -4.354168454194326 -5.9940737013816126
17.850000381469727 -1.5951850179748437 -4.050766475128185 -4.021545731951676 -5.787312409453861
17.950000762939453 -1.8663823636479542 -3.6515845630637003 -3.169722041047823 -5.265898814112461
18.049999237060547 -2.3380341892517116 -3.3891578831023104 -3.3335560430928126 -5.149134580116268
18.149999618530273 -1.8522098413373982 -2.6307179408073083 -3.091299797782071 -4.980885549177692
18.25 -1.8052998731285363 -2.407310493570961 -2.2565092237461393 -4.5673372647039585
18.350000381469727 -1.697728118471467 -1.158116206705344 -2.039426339023837 -4.484926558042552
18.450000762939453 -1.2407300629532987 -1.3503002552136572 -3.2320703377313684 -4.244700300512697
18.549999237060547 -1.911780388068351 nan 0.8835640729604144 -4.049700500216762
18.649999618530273 -0.5653860106359989 -1.5244386506621925 -1.9175810574728818 -3.937093867715177
18.75 -1.6868514694946235 -1.2926079601072722 -1.2022223279298778 -3.6558549404852627
18.850000381469727 -1.472306473911404 -0.8570551666171475 nan -3.7239077757809156
18.950000762939453 -1.1363481380089926 -0.9357484192037884 nan -3.5187766865586667
19.049999237060547 -0.7508626074044535 4.9675721934390165 -1.7514315482770044 -3.3315284767797415
19.149999618530273 -0.6436147034197255 0.26526325147988494 -0.9798030438811889 -3.2898608906210782
19.25 -1.5293113982272057 nan -0.9813020083288464 -2.833445478864089
19.350000381469727 0.08564035758996269 1.1916804603966575 nan -2.840629696387481
19.450000762939453 nan -0.48886350841312876 nan -3.097230521662823
19.549999237060547 -0.04430486759490826 5.082095051306208 -1.259512990082861 -2.1936852842215444
19.649999618530273 -1.1594225750395104 -0.3452345847372129 nan -2.5145736753781556
19.75 -0.1717999516968831 -0.6534463101277677 nan -2.2415961736763528
19.850000381469727 0.10740556790432976 nan 1.5847158989208658 -2.0359087332672345
19.950000762939453 -1.4830205033878343 2.6951909868681874 nan -2.5387837864432967
20.049999237060547 -0.09043269846624824 -0.6342597763526214 nan -1.663274135008571
20.149999618530273 0.03879977211597563 nan nan -1.9457538088192905
20.25 0.049265000929446856 -0.8187100206648275 -0.2602926348484029 -1.9495876054154166
20.350000381469727 0.28924566573105537 nan 3.227979788686479 -1.7607730242483477
20.450000762939453 nan nan nan -1.7975868674151947
20.549999237060547 nan nan nan -2.023984757987339
20.649999618530273 0.045594695875180946 nan -0.8495752029902839 -1.7128773514663322
20.75 nan nan -0.7541968365508467 -1.409703546091741
20.850000381469727 0.912701492545704 nan nan -1.1377143006046815
20.950000762939453 nan nan nan -0.6483310258885773
21.049999237060547 nan -1.3522162634903605 nan -1.1791126853411598
21.149999618530273 nan nan nan -1.56762581602014
21.25 nan nan nan -1.5315155165071275
21.350000381469727 nan -0.4589040312460302 -0.3242548070880851 -0.9955825084991226
21.450000762939453 6.54004755683702 -0.12367444963830287 5.43596276288158 -0.8955152163173672
21.549999237060547 nan nan nan -1.6540144266728234
21.649999618530273 nan nan nan -1.8734539519721807
21.75 6.1346718799154605 0.13578773051653847 nan 0.5363237643129111
21.850000381469727 nan nan nan -1.0460706932375885
21.950000762939453 nan nan nan 0.29389428184983046
22.049999237060547 nan nan nan -0.30144345483132184
22.149999618530273 nan nan nan 0.07354564150672971
22.25 nan nan nan 0.20093913148740583
22.350000381469727 nan nan nan -0.49693646512183065
22.450000762939453 nan nan nan -0.1643138691560928
22.549999237060547 nan nan nan -0.3426995433727349
22.649999618530273 nan 1.8415083360729785 0.547025341503284 1.213864139942011
22.75 nan nan nan 0.733890752187623
22.850000381469727 nan nan nan nan
22.950000762939453 nan nan nan 0.42142709814921275
23.049999237060547 nan nan nan 1.1912920398512945
23.149999618530273 nan nan nan nan
23.25 nan nan nan 0.35154799143251125
23.350000381469727 nan nan nan 1.077141068996422
23.450000762939453 nan nan nan nan
23.549999237060547 nan nan nan nan
23.649999618530273 nan nan nan -0.11908066395945838
23.75 nan nan nan nan
23.850000381469727 nan nan nan 0.6758586066518504
23.950000762939453 nan nan nan 0.22988562318377248
24.049999237060547 nan nan nan -0.6145533846368707
24.149999618530273 nan nan nan 0.46980581650176134
24.25 nan nan nan nan
24.350000381469727 nan nan nan 0.2959455810023499
24.450000762939453 nan nan nan 0.6550564256076932
24.549999237060547 nan nan nan 0.28587129164776215
24.649999618530273 nan nan nan -0.8165536955260357
24.75 nan nan nan nan
24.850000381469727 nan nan nan 0.9942828241537853
24.950000762939453 nan nan nan nan
