Models/Kasen_0.03_0.2_1e-5.0.dat
# %ECSV 0.9
# ---
# datatype:
# - name: time
#   datatype: float64
# - name: sdss_g
#   datatype: float64
# - name: sdss_r
#   datatype: float64
# - name: sdss_i
#   datatype: float64
# - name: Clear
#   datatype: float64
# meta: !!omap
# - comment:
#   - type = Kasen
#   - mass = 0.03
#   - velocity = 0.2
#   - Xlan = 1e-5.0
# schema: astropy-2.0
time sdss_g sdss_r sdss_i Clear
[from data line 182]
16.25 -9.64888082168332 -11.204312190631448 -10.93103449939294 -10.593842285832384
16.350000381469727 -9.627862537523797 -11.159321308465476 -10.87502115725222 -10.565517668000211
16.450000762939453 -9.63510756831348 -11.15299055576665 -10.850615772320786 -10.551852459267927
16.549999237060547 -9.583559776049398 -11.160331581636836 -10.831253116646952 -10.538246911956776
16.649999618530273 -9.440651541087824 -10.938569030852904 -10.642983621358493 -10.343658711317719
16.75 -9.079452063162673 -10.565805539047325 -10.218660863587846 -9.972203612084126
16.850000381469727 -8.75925076217922 -10.228231624464044 -9.765768148986012 -9.605407159963708
16.950000762939453 -8.418950547915276 -9.776257158807184 -9.310482288143092 -9.222462456882138
17.049999237060547 -7.984418570278503 -9.432674455200711 -8.803544745575444 -8.806317463771585
17.149999618530273 -7.591729388556896 -8.88241821423841 -8.162366677410322 -8.315775556572014
17.25 -7.153014520032151 -8.31760003410125 -7.69650655308855 -7.793391985849279
17.350000381469727 -6.83581285086445 -7.750114184137971 -7.019310551728797 -7.276164284947413
17.450000762939453 -6.538016900933215 -7.308509700354897 -6.572321891964322 -6.851674570763343
17.549999237060547 -6.195346227202165 -6.628339502540712 -6.162575217712938 -6.398668223404901
17.649999618530273 -5.760722356162741 -6.323106558825192 -5.743911592318735 -6.0465221054848435
17.75 -5.447653655379231 -5.778082082095132 -5.36429676360574 -5.57510090482884
17.850000381469727 -5.154772847705473 -5.37726112702272 -4.9412488473861345 -5.3717310143770725
17.950000762939453 -5.081578775147687 -5.3495333455129845 -4.859308699730551 -5.223887098040763
18.049999237060547 -4.7749881656433395 -5.0123745365280925 -4.16775029136609 -4.891301275658691
18.149999618530273 -4.429900182677478 -4.9648590271648025 -4.129861288721138 -4.717465446151962
18.25 -4.062591058017052 -4.865146984144214 -3.8550852701197726 -4.450657085244156
18.350000381469727 -3.8779013543613665 -4.1175394597518284 -4.056975629509459 -4.195312846092225
18.450000762939453 -3.80218994481449 -4.38724281082089 -3.627001957699026 -4.216672502078342
18.549999237060547 -3.1019365590240966 -3.1112218556048283 -4.467793789081153 -3.8940736176755415
18.649999618530273 -3.3113574166609183 -2.982206956839942 -3.006807271218509 -3.650782964027332
18.75 -2.543772188177279 -3.4790752342439575 -2.424420894729735 -3.3714549103773734
18.850000381469727 -3.135325674922484 -3.0593331971747375 -3.377662620446401 -3.4839752076271893
18.950000762939453 -1.368529112921168 -3.165838651199934 -2.846192544843987 -3.1777930534440557
19.049999237060547 -1.9418706778901083 -1.5386023374570055 -2.5839337802491684 -3.1274433193258666
19.149999618530273 -1.3071503655933157 -3.0028042682604124 -1.6548412468469476 -2.7300682180175464
19.25 -1.2032503119426554 -2.9779420537048864 -1.1054085956398616 -2.869095893394668
19.350000381469727 -0.24956703178949802 -3.0623062355310857 -2.1029930220166992 -2.729356953883645
19.450000762939453 -0.5462375934745367 -1.6040182124306916 -1.3514236547967506 -2.471466665749052
19.549999237060547 -1.5784230859146788 -1.3526935718920328 -1.1467357491654813 -2.2729828335227715
19.649999618530273 -1.0218011884568963 -1.967103454042661 -2.421525364307879 -2.3822552626491316
19.75 -0.5704268460477984 -0.6996334534495467 -1.6249179582665558 -2.231882683225656
19.850000381469727 nan nan nan -1.6800351992500282
19.950000762939453 0.37358567545239296 -1.8374083455687824 -0.8992513985637647 -2.304782962074203
20.049999237060547 nan nan nan -1.6005955818568864
20.149999618530273 nan -1.439025027576795 -0.8925495075658105 -2.212249937442394
20.25 nan -1.4523484162584417 -0.8929892486391022 -1.4014810307903716
20.350000381469727 nan nan nan -1.144753612626399
20.450000762939453 0.4149361017772648 -0.530718333506 nan -1.1466583978807776
20.549999237060547 nan nan nan -1.0395049501590705
20.649999618530273 nan 2.1281087929145137 0.833625798344821 -0.38771236570366696
20.75 nan nan -0.854722567199893 -1.2013488979254099
20.850000381469727 nan nan -0.8076699819113244 -0.7956217988974714
20.950000762939453 nan nan nan -0.3244663405196633
21.049999237060547 nan nan nan -0.33777087979674647
21.149999618530273 nan nan nan 0.15086235496186262
21.25 nan nan nan -0.7156147203799037
21.350000381469727 nan nan nan -0.010669759489218222
21.450000762939453 0.5222923474080492 nan nan 0.24748885886771532
21.549999237060547 nan nan nan -0.08857797030583114
21.649999618530273 nan nan -0.6091285254002514 -0.32364546672594585
21.75 nan nan nan 0.17380971995449812
21.850000381469727 nan 7.172528629005704 -0.7959175689719373 -0.2891500600003134
21.950000762939453 0.3491546745336258 nan nan 1.0093947078447858
22.049999237060547 nan nan nan 0.08467933514625159
22.149999618530273 0.3949957389379559 -0.3335337529417135 -0.2886243280884866 -0.25255403271324894
22.25 nan nan nan 1.3592425192722715
22.350000381469727 nan nan nan -0.36043914770269936
22.450000762939453 nan nan nan 0.7386526905304613
22.549999237060547 nan nan nan 1.8313842392030573
22.649999618530273 nan nan nan nan
22.75 nan nan nan 1.6884604396214549
22.850000381469727 nan nan -0.46469665102057434 1.5432263185313602
22.950000762939453 nan nan nan nan
23.049999237060547 nan nan nan 2.0840643961239227
23.149999618530273 nan nan nan 0.5619320283815092
23.25 1.0250135419823572 nan nan 1.822896877310992
23.350000381469727 nan nan -0.3494579250468881 0.9342069658645791
23.450000762939453 nan nan nan 0.5277440488105682
23.549999237060547 nan nan nan 1.8324476424485567
23.649999618530273 nan 1.6350636297995802 0.027107169195932812 0.26103503153957774
23.75 nan nan nan 0.9202565447063797
23.850000381469727 nan nan nan nan
23.950000762939453 nan nan nan nan
24.049999237060547 nan nan nan 0.6005244239452452
24.149999618530273 nan nan nan nan
24.25 nan nan nan 1.9283648643259017
24.350000381469727 nan nan nan 1.9872194703638328
24.450000762939453 nan nan nan nan
24.549999237060547 nan nan nan 0.32326034982530416
24.649999618530273 nan nan nan nan
24.75 nan nan nan nan
24.850000381469727 6.947986135022872 0.284264128547548 nan 0.7181505101404007
24.950000762939453 2.4880179411095433 -0.18848468853712141 6.04820948939372 0.9810793842138796
