Models/Kasen_0.02_0.1_1e-3.0.dat
# %ECSV 0.9
# ---
# datatype:
# - name: time
#   datatype: float64
# - name: sdss_g
#   datatype: float64
# - name: sdss_r
#   datatype: float64
# - name: sdss_i
#   datatype: float64
# - name: Clear
#   datatype: float64
# meta: !!omap
# - comment:
#   - type = Kasen
#   - mass = 0.02
#   - velocity = 0.1
#   - Xlan = 1e-3.0
# schema: astropy-2.0
time sdss_g sdss_r sdss_i Clear
[from data line 184]
16.450000762939453 -4.634182589053342 -7.748893571974705 -9.543612676597451 -10.616977971704173
16.549999237060547 -4.4513587072575405 -7.788371894814738 -9.524640309049882 -10.6173996855822
16.649999618530273 -4.461680485069017 -7.89482867642095 -9.575812103630433 -10.604044929015814
16.75 -4.568514097067148 -7.794208729263577 -9.532427434352808 -10.572648643247959
16.850000381469727 -4.350785652929048 -7.74467453690788 -9.512644261380395 -10.567290070529147
16.950000762939453 -4.749027861939528 -7.76625395017296 -9.483658733425969 -10.546275289988529
17.049999237060547 -4.593612633670986 -7.811459583464625 -9.465380005947917 -10.536787534715977
17.149999618530273 -4.488937563573611 -7.768164778209261 -9.451301127753705 -10.535857514011415
17.25 -4.279477568287124 -7.784208019221246 -9.438834002010736 -10.509088264023205
17.350000381469727 -4.513726832979351 -7.757470627151918 -9.416202091649094 -10.500370599379082
17.450000762939453 -4.504453269861383 -7.713860005789417 -9.408515183764425 -10.491993925482099
17.549999237060547 -4.26863910266891 -7.773611501037813 -9.372700413905854 -10.482487853953085
17.649999618530273 -4.104385756589675 -7.784734635972942 -9.39127805193003 -10.466516253531417
17.75 -4.630006717973004 -7.734500480570837 -9.365310464733977 -10.44780308511525
17.850000381469727 -4.809219441337419 -7.840599448059834 -9.31468968888002 -10.437056265590265
17.950000762939453 -4.240986536322573 -7.667585054855529 -9.3727823133535 -10.427317870204796
18.049999237060547 -4.7821564193514945 -7.712445559877519 -9.27920838655703 -10.419942352203716
18.149999618530273 -4.765852904475235 -7.730337172122258 -9.224853640215795 -10.39524976129615
18.25 -4.226331110467285 -7.724140304585788 -9.197631159264969 -10.398048314644107
18.350000381469727 -4.8805683452053366 -7.622358147675012 -9.25710663194005 -10.378675643194804
18.450000762939453 -4.486453859112544 -7.7585280311546505 -9.244679680750842 -10.353283695688056
18.549999237060547 -4.556649920431202 -7.74009279782431 -9.228251731198398 -10.364450850053252
18.649999618530273 -4.525632213075433 -7.681104604096507 -9.148973676793027 -10.34964126554145
18.75 -4.237468877240033 -7.686004419931233 -9.168315301351832 -10.317448278305221
18.850000381469727 -4.522978648480379 -7.542138239368395 -9.174478481386956 -10.308397855378772
18.950000762939453 -4.658058049767963 -7.594805269851303 -9.086914693723543 -10.312132912725843
19.049999237060547 -4.497965592719584 -7.582212790039385 -9.141004207488383 -10.29028804606348
19.149999618530273 -4.602727374201471 -7.596189803962485 -9.105936615641607 -10.26923343811836
19.25 -4.424732421614177 -7.7654934899674934 -9.050426523163203 -10.26086880100813
19.350000381469727 -4.178593249150914 -7.722164415632932 -9.043810426923056 -10.248129847719714
19.450000762939453 -4.560162897105567 -7.572597114331334 -8.998157363402122 -10.22935220245001
19.549999237060547 -4.211113779114282 -7.5793642259739045 -9.033535655650876 -10.243422264104929
19.649999618530273 -4.694373094923694 -7.647483215456447 -8.99715021901509 -10.215066308204005
19.75 -4.303598340608623 -7.549218788243952 -8.90949534207541 -10.205973156089076
19.850000381469727 -4.355581842722685 -7.624350934559953 -8.930570909714909 -10.2055504413945
19.950000762939453 -4.607734882795 -7.650054270745926 -8.969404216024625 -10.188709111791475
20.049999237060547 -4.559088255345209 -7.643226331844524 -8.973321499320047 -10.185256277969998
20.149999618530273 -4.399455376185372 -7.498444989698363 -8.945819842288898 -10.168524935315812
20.25 -4.600019690154667 -7.5491199536975415 -8.889041717851441 -10.150695228980894
20.350000381469727 -4.1914301766346895 -7.621912840893501 -8.828484899463742 -10.126963801928191
20.450000762939453 -4.327566201438955 -7.5065760647907815 -8.875687370065481 -10.128230219500782
20.549999237060547 -4.373679552176704 -7.576778259267652 -8.829528279464203 -10.12396840916459
20.649999618530273 -4.334068754014325 -7.421448717903594 -8.802835782286238 -10.107482812563397
20.75 -4.5506613930823825 -7.524930301779484 -8.806883196203216 -10.116178165568353
20.850000381469727 -4.437024363437644 -7.554355436139055 -8.767707218316453 -10.086286440541233
20.950000762939453 -4.625133269474336 -7.500602884472588 -8.760734694205851 -10.07437387615601
21.049999237060547 -4.560492522207078 -7.451486864514855 -8.75106927410911 -10.06845430108146
21.149999618530273 -4.4697041607389885 -7.464980681888729 -8.679480917173311 -10.049562120574098
21.25 -4.559823026292847 -7.513586650705683 -8.71360953399066 -10.041710761422344
21.350000381469727 -4.498524210147679 -7.416833739492027 -8.65845246581575 -10.030633567433274
21.450000762939453 -4.297711027323036 -7.43466398083887 -8.664810328004343 -10.019997387336243
21.549999237060547 -4.370144377664232 -7.588832889217326 -8.664957200746237 -10.008829228853195
21.649999618530273 -4.404085690030271 -7.454846520548941 -8.607396474447615 -9.99897970641733
21.75 -4.4720758486869805 -7.477793481806241 -8.593761157738879 -9.99040115959319
21.850000381469727 -4.539683317297261 -7.472929808427548 -8.628291130524175 -9.995245741146057
21.950000762939453 -4.348483983430153 -7.437615649796918 -8.510152165891416 -9.976566359628368
22.049999237060547 -4.332739290907913 -7.46986712036346 -8.52049921093937 -9.971917807166314
22.149999618530273 -4.510306622109056 -7.408943941079283 -8.539667187555228 -9.947864263510958
22.25 -4.549979639505207 -7.358346741005352 -8.496019329883232 -9.955867197252758
22.350000381469727 -3.8971520144147007 -7.370417420818395 -8.525319239913149 -9.92378344644251
22.450000762939453 -4.137782109913612 -7.3094377612380015 -8.501074330453669 -9.916853922531757
22.549999237060547 -4.154968449468591 -7.374313178782529 -8.483072397966652 -9.931198817609605
22.649999618530273 -4.254006888040507 -7.372447850811277 -8.433964152471983 -9.898284621628594
22.75 -4.22827661496018 -7.342479834910044 -8.438987910076598 -9.899376111531641
22.850000381469727 -4.407943870641816 -7.35330668984345 -8.381008804443209 -9.893737431461933
22.950000762939453 -4.381332899080434 -7.375592588781334 -8.417398690346062 -9.875570932340246
23.049999237060547 -4.326174020685272 -7.424091339128637 -8.427495753600173 -9.874715887758619
23.149999618530273 -4.096370571624838 -7.304450959978663 -8.287372107691809 -9.856335739635881
23.25 -4.140705706925349 -7.3822529722857695 -8.31447883241465 -9.846120009309558
23.350000381469727 -4.406741368662548 -7.237886040952311 -8.339323510810665 -9.8317640573031
23.450000762939453 -4.30437813115423 -7.214936132964144 -8.280668113191144 -9.837038903468475
23.549999237060547 -4.419219832615067 -7.347169107816825 -8.242526460918022 -9.809086981896165
23.649999618530273 -4.260848322006758 -7.353111290345048 -8.262129904555774 -9.792479186004599
23.75 -4.641771097852555 -7.2972784470587975 -8.207434699811856 -9.79360938881971
23.850000381469727 -4.383162886884673 -7.30043941067666 -8.156654491186192 -9.794207041961236
23.950000762939453 -4.381203199205778 -7.266534961141964 -8.231694142196595 -9.788993893538589
24.049999237060547 -4.307114902216362 -7.276608203093261 -8.114053881940045 -9.790370056750163
24.149999618530273 -3.7370292592060537 -7.2015479399073286 -8.035947889268137 -9.680110520084686
24.25 -3.774167785376463 -6.988639283862227 -7.614938614686949 -9.354134100356323
24.350000381469727 -3.241507073563259 -6.587123145355786 -7.183694870948294 -9.016740791965976
24.450000762939453 -3.447917032105668 -6.463674803335209 -6.7147859686800295 -8.711335110477911
24.549999237060547 -2.7612356801112448 -5.975041050726979 -6.260851718671919 -8.335401297371181
24.649999618530273 -2.178116781387942 -5.581739301918361 -5.448967601980762 -7.907650342235634
24.75 -2.703492287546485 -5.251743166141292 -4.587937461729222 -7.452010979650552
24.850000381469727 -2.0333109275057915 -4.512080451415152 -4.007123281743866 -6.85072904405353
24.950000762939453 -1.5041121275368923 -4.38536678902663 -3.455826771196481 -6.400953045456156
