Models/Kasen_0.03_0.1_1e-4.0.dat
# %ECSV 0.9
# ---
# datatype:
# - name: time
#   datatype: float64
# - name: sdss_g
#   datatype: float64
# - name: sdss_r
#   datatype: float64
# - name: sdss_i
#   datatype: float64
# - name: Clear
#   datatype: float64
# meta: !!omap
# - comment:
#   - type = Kasen
#   - mass = 0.03
#   - velocity = 0.1
#   - Xlan = 1e-4.0
# schema: astropy-2.0
time sdss_g sdss_r sdss_i Clear
[from data line 183]
16.350000381469727 -7.303890829385704 -10.309870724011947 -11.51558316973103 -11.085406928122215
16.450000762939453 -7.245543539298268 -10.333473348561064 -11.48917578209737 -11.079655625158203
16.549999237060547 -7.289766028373066 -10.3240641262088 -11.47281711997039 -11.067022553687274
16.649999618530273 -7.220628343873727 -10.319637168730086 -11.44836961111303 -11.04993514625437
16.75 -7.2051572202191885 -10.26614229759269 -11.453677193091085 -11.03615590193337
16.850000381469727 -7.140757282566543 -10.247431344968334 -11.386860293727704 -11.017679639687632
16.950000762939453 -7.177974145872355 -10.27638354033434 -11.38713536962986 -11.00439347030542
17.049999237060547 -7.165066838380273 -10.251216480115279 -11.368781372994889 -10.99193089723429
17.149999618530273 -7.0704633775897285 -10.238164863675927 -11.333459465313595 -10.980691939590017
17.25 -7.069926117187059 -10.145967477377486 -11.351332068198122 -10.96334386206448
17.350000381469727 -7.110191197027856 -10.15256808802955 -11.34002076417886 -10.948452366480304
17.450000762939453 -7.032151071718847 -10.128524115374411 -11.309799752360949 -10.915760813822345
17.549999237060547 -7.104627141759767 -10.163365774710574 -11.259051493379882 -10.927707481630854
17.649999618530273 -6.920232477545348 -10.132912112841161 -11.256639399634128 -10.89012948891341
17.75 -7.017932955023841 -10.100666471646626 -11.243048768762801 -10.885809725101847
17.850000381469727 -6.928488447767933 -10.092232175174399 -11.202525157972211 -10.843637119927681
17.950000762939453 -6.958459255536745 -10.039626372413075 -11.190318556647103 -10.851940230514323
18.049999237060547 -6.882649370914752 -10.078507288653611 -11.16234851150719 -10.839284432242767
18.149999618530273 -6.821848630640822 -10.010409983221965 -11.145741084412325 -10.811203167794659
18.25 -6.766394889982468 -10.038750440970897 -11.118687151192312 -10.818359591588475
18.350000381469727 -6.900843277105746 -9.96272751805823 -11.144552279598532 -10.79482051445703
18.450000762939453 -6.714084267116707 -9.976893160123645 -11.127554343496783 -10.78844175284604
18.549999237060547 -6.808919661083056 -9.96313270222418 -11.074630542080598 -10.771861969484863
18.649999618530273 -6.783778559805057 -9.950652820236698 -11.077785034372578 -10.772097558621617
18.75 -6.820134882980351 -9.90710595944432 -11.023040655162394 -10.735655819158627
18.850000381469727 -6.738617363616967 -9.902503129054637 -11.028714176523131 -10.725966098726879
18.950000762939453 -6.75863996137738 -9.883101107993191 -11.018144659413878 -10.728926088720186
19.049999237060547 -6.623867775718718 -9.898254733091946 -11.0010497712714 -10.700399216734972
19.149999618530273 -6.6550215792539404 -9.850899953657308 -10.977773458385322 -10.691967238898773
19.25 -6.664465886986413 -9.885118472224416 -10.951648456142756 -10.675669767436766
19.350000381469727 -6.5276809984970114 -9.81965986677925 -10.904678168961919 -10.658030464317687
19.450000762939453 -6.673017005391348 -9.805199705341451 -10.889621486238582 -10.647040274960887
19.549999237060547 -6.754813156912888 -9.81600133650916 -10.896511766431331 -10.643336449572264
19.649999618530273 -6.554092958786505 -9.779725696948184 -10.899882234935365 -10.637508615206997
19.75 -6.593662038463108 -9.7385099285376 -10.838963131807986 -10.615403261009778
19.850000381469727 -6.60018791654166 -9.81982331041521 -10.848686676821018 -10.61557352823727
19.950000762939453 -6.428719025485837 -9.711520203507373 -10.78862425157805 -10.5865430301509
20.049999237060547 -6.398889858451398 -9.69042059921437 -10.77588473891279 -10.571052069481386
20.149999618530273 -6.342059783870727 -9.708690190847832 -10.782608918128407 -10.560375071091475
20.25 -6.389411864430951 -9.719232153241542 -10.77679190063104 -10.552974394007975
20.350000381469727 -6.498654878663672 -9.669146786677572 -10.746990177160136 -10.545680134534404
20.450000762939453 -6.4630892213850935 -9.637342046925472 -10.69919209685819 -10.51492387465008
20.549999237060547 -6.293132443087934 -9.638281740953342 -10.699448704552807 -10.512190684753406
20.649999618530273 -6.420191433720465 -9.603128424228771 -10.670010393036069 -10.491678911502309
20.75 -6.444339785359503 -9.61312067375135 -10.650449273617745 -10.500041600889688
20.850000381469727 -6.307647848375481 -9.578520617191138 -10.646821624494333 -10.490386617855705
20.950000762939453 -6.277101537120878 -9.558390945211858 -10.65131263356093 -10.474244860800887
21.049999237060547 -6.116374125246903 -9.557500351761796 -10.6099159317003 -10.45735471047663
21.149999618530273 -6.287902733532384 -9.51754238430533 -10.57893250848807 -10.429934000509284
21.25 -6.216422848721784 -9.525818626198667 -10.549359226133603 -10.442096834793858
21.350000381469727 -6.280851327861459 -9.461207659780843 -10.536100267953096 -10.418504474093858
21.450000762939453 -6.096830195968181 -9.49463695396242 -10.519063559746606 -10.418788514423532
21.549999237060547 -6.04423249560384 -9.460229312260566 -10.520224292451147 -10.392645956840916
21.649999618530273 -6.079724782322966 -9.446330929061922 -10.515789914239026 -10.396969971836178
21.75 -6.18446133665817 -9.4758517721081 -10.513478924642989 -10.390302716835802
21.850000381469727 -6.0880325968128375 -9.461349265771805 -10.47391365115601 -10.37168911164909
21.950000762939453 -6.104828834605794 -9.39645147456375 -10.402852434696818 -10.348912929162637
22.049999237060547 -6.055535294776302 -9.340255883535352 -10.413716223788075 -10.340421166031888
22.149999618530273 -5.920455788557266 -9.352070930667306 -10.356355888989604 -10.327286951419332
22.25 -5.950896731202157 -9.371174862493397 -10.361246465643262 -10.324777152761222
22.350000381469727 -6.075108393570211 -9.312956182168463 -10.36818437029067 -10.310952835174447
22.450000762939453 -6.086926269769645 -9.337805447992181 -10.333039031931413 -10.316406755863284
22.549999237060547 -6.060066319668781 -9.272371271533089 -10.336490001945823 -10.292507887381195
22.649999618530273 -6.0897514532493915 -9.298448554806534 -10.299509374395331 -10.26641946618684
22.75 -6.01727654606464 -9.259116100937447 -10.283723846646598 -10.263206537764063
22.850000381469727 -5.931150456087288 -9.249709720425244 -10.239195942306615 -10.253636372846056
22.950000762939453 -5.899404004335814 -9.198567301918711 -10.209498207035775 -10.234610202401836
23.049999237060547 -5.904252338260044 -9.200918536786418 -10.199552156938097 -10.245733583442412
23.149999618530273 -5.90316447360388 -9.220868190020937 -10.226676180890507 -10.235563310469662
23.25 -5.9026375722963635 -9.15376184612385 -10.184254736503142 -10.225225000888429
23.350000381469727 -5.7260924198568475 -9.158278198051107 -10.120911740837677 -10.215049709809918
23.450000762939453 -5.801731654507897 -9.137288538586386 -10.143361006235981 -10.19978228093128
23.549999237060547 -5.771501383213128 -9.170168342940634 -10.119139706544505 -10.176169916750183
23.649999618530273 -5.662808313935372 -9.087752977883333 -10.089141926874682 -10.177784695611074
23.75 -5.677116416811664 -9.092369292253093 -10.09818018617807 -10.160803472899651
23.850000381469727 -5.7502492431753005 -9.038280148306878 -10.063687421564808 -10.145177953228007
23.950000762939453 -5.893587577099229 -9.051726669966673 -10.032970045633235 -10.143505181687946
24.049999237060547 -5.801926890465957 -9.040509858827015 -10.023326628619227 -10.13114694308329
24.149999618530273 -5.597848136028983 -8.999200103197474 -9.994464504455962 -10.065717017205028
24.25 -5.465183616094212 -8.830452146067731 -9.557498834827097 -9.72695831920386
24.350000381469727 -5.086604474037415 -8.5238842099774 -9.13689272867725 -9.384597107968396
24.450000762939453 -4.696021112776499 -8.140996516648439 -8.70574033981384 -9.044177872375947
24.549999237060547 -4.417020689429652 -7.920412653096484 -8.275557264951491 -8.65810874814575
24.649999618530273 -3.975274999697099 -7.442629790157504 -7.640517532985861 -8.260895890916391
24.75 -3.639101479587687 -6.926004300934675 -7.088402251879167 -7.739403931696156
24.850000381469727 -3.2611552925664533 -6.388240310981381 -6.138606944158077 -7.248833625506716
24.950000762939453 -2.7913935877221405 -5.903225557576775 -5.551138762431059 -6.892326144861308
