Models/Kasen_0.035_0.15_1e-1.5.dat
# %ECSV 0.9
# ---
# datatype:
# - name: time
#   datatype: float64
# - name: sdss_g
#   datatype: float64
# - name: sdss_r
#   datatype: float64
# - name: sdss_i
#   datatype: float64
# - name: Clear
#   datatype: float64
# meta: !!omap
# - comment:
#   - type = Kasen
#   - mass = 0.035
#   - velocity = 0.15
#   - Xlan = 1e-1.5
# schema: astropy-2.0
time sdss_g sdss_r sdss_i Clear
[from data line 186]
16.649999618530273 -5.80297346939555 -7.724872006384331 -9.232652656032627 -11.229126378474238
16.75 -5.04637157334572 -7.766729524261205 -9.266422346538455 -11.228326759708604
16.850000381469727 -5.616729906400664 -7.735635101129578 -9.151300259796656 -11.205875463118954
16.950000762939453 -5.60548719271981 -7.731256033563223 -9.25507335196848 -11.219316975073578
17.049999237060547 -5.770606820525469 -7.717401496905911 -9.147109281155899 -11.17549596799796
17.149999618530273 -5.801194811619428 -7.688505131593125 -9.19204273218807 -11.170362838813062
17.25 -5.5289810506203025 -7.561945602965363 -9.079375839706007 -11.15013145584728
17.350000381469727 -5.6710985439182835 -7.608947572881689 -9.07192302412873 -11.137990788934179
17.450000762939453 -5.5663721256197185 -7.697585952119724 -9.054585140137405 -11.120669964301229
17.549999237060547 -5.579203146131569 -7.5230929303280405 -9.024314471187243 -11.11233877598325
17.649999618530273 -5.436251206830665 -7.670016373257475 -9.125768278788847 -11.124828410154866
17.75 -5.6000190774978265 -7.592483625105835 -9.05010519686055 -11.105278911910922
17.850000381469727 -5.354743531913403 -7.433628903549522 -8.957311295618059 -11.093314168204419
17.950000762939453 -5.5372252596098726 -7.6408032632368545 -8.961680866592424 -11.066442606519729
18.049999237060547 -5.742797915856315 -7.506163450917413 -9.017042560387054 -11.066195164380623
18.149999618530273 -5.548036273155553 -7.54036828505879 -8.913440856160907 -11.051165448420186
18.25 -5.548379796485097 -7.6187321956291925 -8.932929417113531 -11.03257712810538
18.350000381469727 -5.60672407506156 -7.489689573802131 -8.829706494440877 -11.020436031608881
18.450000762939453 -5.795670047162531 -7.538735370789901 -8.94008231636343 -11.000248859669675
18.549999237060547 -5.743523179263981 -7.479976738610183 -8.81874037969816 -10.994718099771042
18.649999618530273 -5.577898501563162 -7.400934760844361 -8.857174614773534 -10.97622021425261
18.75 -5.3392053514477915 -7.600605280881403 -8.849645994745345 -10.992606439056082
18.850000381469727 -5.748283240320021 -7.42340625314932 -8.843303502211892 -10.958213478954068
18.950000762939453 -5.70601888898657 -7.416125666615095 -8.789950756820218 -10.950925580512934
19.049999237060547 -5.602335399267751 -7.499451595727997 -8.773017440402512 -10.935349740350858
19.149999618530273 -5.364127989641819 -7.434193315079252 -8.665171138851612 -10.927412250226897
19.25 -5.648415968688614 -7.326773178949047 -8.605420254571673 -10.892460385562092
19.350000381469727 -5.6432123399214085 -7.399464198775512 -8.606248143283754 -10.92474960893296
19.450000762939453 -5.596088149367901 -7.428826806136907 -8.682030527274893 -10.913014229656099
19.549999237060547 -5.455244592495514 -7.381167515551397 -8.616144325333025 -10.871460348606576
19.649999618530273 -5.525548027047893 -7.244344020374292 -8.640548086441356 -10.88268302615591
19.75 -5.360752267185241 -7.3412428766379065 -8.570753783014261 -10.868468076304161
19.850000381469727 -5.5183280543147575 -7.2627992143342155 -8.414667665516955 -10.854230817264376
19.950000762939453 -5.332026917869133 -7.1916570433693465 -8.500238899729649 -10.841456377096375
20.049999237060547 -5.258517230348151 -7.28803590385127 -8.492455456542302 -10.824295324834218
20.149999618530273 -5.338591086252862 -7.2691202225544345 -8.38283567813184 -10.716281955090633
20.25 -4.890102639875568 -6.948347656372576 -7.889730264722509 -10.38421304574356
20.350000381469727 -4.862704442083459 -6.992076976905409 -7.537591783493074 -10.082643470005024
20.450000762939453 -4.751778941925803 -6.571798347192942 -7.061286021921305 -9.748490553768534
20.549999237060547 -4.701007563141815 -6.404560488154814 -6.616405745372379 -9.401524717428046
20.649999618530273 -4.594343246718324 -5.844866895829252 -6.15596683477991 -9.05413854636938
20.75 -3.765631830814243 -5.455274335146186 -5.672129233972079 -8.574835891210661
20.850000381469727 -4.0518582319437115 -5.349827214979971 -5.1630273839594345 -8.079653855105867
20.950000762939453 -4.114734801050496 -5.228282294604959 -5.009859495334034 -7.673096463658396
21.049999237060547 -3.979380967930922 -5.112225530542794 -4.79307368325944 -7.1688530271139115
21.149999618530273 -4.046377277459353 -4.798813332098526 -4.2522020445900885 -6.827830984168315
21.25 -3.5794575345282027 -4.855171731671632 -4.1716404204553506 -6.489237026734038
21.350000381469727 -3.2880838566393784 -5.010943995761 -4.562442143820093 -6.186021507379298
21.450000762939453 -3.1013992046390406 -4.946649443470477 -3.985490693551899 -5.9732466620901405
21.549999237060547 -2.8350509116437372 -4.759393647119918 -4.672834203400832 -5.723796440895505
21.649999618530273 -2.421678992634938 -4.822178439166368 -3.4484426803241917 -5.4914007155866855
21.75 -1.6202552266751677 -4.972609722357969 -3.310198270294073 -5.375839700959393
21.850000381469727 -1.4990122814733393 -4.07853990194242 -3.88664858302916 -5.043984995480585
21.950000762939453 -2.669050776975439 -4.096743452648717 -2.8940536794570235 -5.059621694835538
22.049999237060547 -1.9733428433107711 -4.196125518342221 -2.39852885937254 -4.839555461101654
22.149999618530273 -1.4332489294896487 -4.338733891046335 1.8165657834349354 -4.618204040060473
22.25 -1.30155857734991 -3.3871783458490192 -2.660857160599978 -4.5410209418304675
22.350000381469727 -1.5434086202075346 -3.27445128188565 -1.4077030909244943 -4.422681862860294
22.450000762939453 -0.4446719741195455 -2.2735202679513726 6.1140167853449 -4.194074408068509
22.549999237060547 -2.086399098834807 -1.9533829175903392 -1.2772880769523614 -4.018110681747558
22.649999618530273 -0.6646405344284965 -2.383719508270733 -1.5275780705715896 -4.140331112871259
22.75 -0.5904828491393204 nan nan -3.9691475617400087
22.850000381469727 nan -1.0634256527172408 nan -4.1638879062900465
22.950000762939453 nan nan nan -3.867736490855208
23.049999237060547 nan nan nan -3.439676735663962
23.149999618530273 nan nan nan -3.75745489793864
23.25 nan nan nan -3.5853812220941492
23.350000381469727 nan nan nan -3.408595310158315
23.450000762939453 nan nan nan -3.4202346626133995
23.549999237060547 nan nan nan -2.979565462794614
23.649999618530273 nan nan nan -2.7046362287224106
23.75 nan nan nan -1.9763215158384462
23.850000381469727 nan nan nan -2.7193233697656964
23.950000762939453 nan nan nan -1.9894956144592975
24.049999237060547 nan nan nan -2.586103549503413
24.149999618530273 nan nan nan -1.7837203724026764
24.25 nan nan nan -2.1286365833013647
24.350000381469727 nan nan nan -1.6786787776215775
24.450000762939453 nan nan nan -2.302675151151387
24.549999237060547 nan nan nan -1.6296450765081119
24.649999618530273 nan nan nan -2.3027351257324113
24.75 nan nan nan -2.4600977711328937
24.850000381469727 nan nan nan -1.2387999014740139
24.950000762939453 nan nan nan -1.0895901229257703
