Models/Kasen_0.025_0.1_1e-2.0.dat
# %ECSV 0.9
# ---
# datatype:
# - name: time
#   datatype: float64
# - name: sdss_g
#   datatype: float64
# - name: sdss_r
#   datatype: float64
# - name: sdss_i
#   datatype: float64
# - name: Clear
#   datatype: float64
# meta: !!omap
# - comment:
#   - type = Kasen
#   - mass = 0.025
#   - velocity = 0.1
#   - Xlan = 1e-2.0
# schema: astropy-2.0
time sdss_g sdss_r sdss_i Clear
[from data line 187]
16.75 -3.2447298230555752 -7.514952594427271 -9.307562836073462 -10.936490508752776
16.850000381469727 -4.210707839656926 -7.378163676809834 -9.283036595188001 -10.931749989471335
16.950000762939453 -4.295743581604668 -7.274097209676121 -9.29579423263133 -10.9148274804706
17.049999237060547 -4.280022646100317 -7.420801078442068 -9.303061087244618 -10.885697189411513
17.149999618530273 -4.122986913573932 -7.460624847820444 -9.227536936153463 -10.875138105159216
17.25 -3.8034142970301517 -7.418344751884838 -9.241302565338255 -10.858914398774498
17.350000381469727 -3.9213799961974445 -7.385183078240058 -9.235623171209902 -10.847899120965579
17.450000762939453 -4.12848696967859 -7.476812020245447 -9.134058192475845 -10.847532693702995
17.549999237060547 -4.097070737651489 -7.432106014753874 -9.150297867929822 -10.818397868118382
17.649999618530273 -4.120547035107684 -7.285664860519827 -9.197494436013955 -10.805259757515838
17.75 -3.9726415642581614 -7.330437444478726 -9.128287992355943 -10.805425388954582
17.850000381469727 -3.94033829188891 -7.277979390996844 -9.153697170200363 -10.77023824052715
17.950000762939453 -3.827367749557908 -7.1113633827427165 -9.106008055979842 -10.769422804461136
18.049999237060547 -4.1379493853644504 -7.341184056839165 -9.09897789590984 -10.763905968099948
18.149999618530273 -4.347736221693104 -7.243996755588547 -9.100808956233756 -10.75468677571191
18.25 -3.971035919695506 -7.268887555577312 -9.066508755308568 -10.753110560729315
18.350000381469727 -4.010209251851261 -7.1043114394282405 -9.071826960697251 -10.72623331229666
18.450000762939453 -4.055766574225956 -7.350907481611284 -9.02807140920843 -10.71179913543622
18.549999237060547 -4.123577191835594 -7.27094978370474 -8.97695397659777 -10.693405270352972
18.649999618530273 -4.079452749262529 -7.189746127870375 -9.021844587087525 -10.687845611578584
18.75 -4.4252763572301035 -7.249360999969781 -9.043856561171324 -10.674437417395449
18.850000381469727 -4.293404090649666 -7.188199185464228 -9.002458072811685 -10.661340830382535
18.950000762939453 -4.071751306420435 -7.2522225830168345 -8.985464862194409 -10.65498774895515
19.049999237060547 -3.9013453289225133 -7.1970442280444615 -8.993007901673732 -10.637117948969234
19.149999618530273 -3.9343582499181977 -7.185557041039338 -8.93276116134033 -10.629101394218143
19.25 -4.066661119284127 -7.241419125873211 -8.945441456154398 -10.618427233872048
19.350000381469727 -4.02435797496814 -7.294851122608485 -8.909671213001392 -10.612490929740972
19.450000762939453 -4.499438635571824 -7.049256816834024 -8.931119142267239 -10.595538056013353
19.549999237060547 -4.2844502789268795 -7.155781888173159 -8.858504525567593 -10.582656059821282
19.649999618530273 -4.188349489721457 -7.234436867746844 -8.920578113626604 -10.584165843263023
19.75 -3.6642872476237898 -7.161606813450767 -8.833449315560905 -10.566161032408168
19.850000381469727 -4.278150606635737 -7.185107551630736 -8.75782184936325 -10.54749139897477
19.950000762939453 -4.181735130468585 -7.235877953041758 -8.754481582521993 -10.550340845512448
20.049999237060547 -4.3686710157412065 -7.221649667441394 -8.72192380393415 -10.52727857573922
20.149999618530273 -4.27073831567888 -7.209420595893462 -8.766452830471788 -10.544034064680943
20.25 -3.776673054860442 -7.064523156563418 -8.70255563839265 -10.496632312678233
20.350000381469727 -4.218504430313317 -7.124628291884509 -8.736452779301498 -10.496077612361141
20.450000762939453 -3.934161992027583 -7.267121855939095 -8.676399476614932 -10.47537259881004
20.549999237060547 -4.181148068260356 -7.153958852922042 -8.76401559274128 -10.483802944289167
20.649999618530273 -4.014310469582327 -7.151141140138197 -8.686895011437905 -10.452566355531133
20.75 -4.234697634388112 -7.044111358998311 -8.64581941907317 -10.46264910287497
20.850000381469727 -3.9635584916422637 -7.161002652454268 -8.577610953880356 -10.439946782672578
20.950000762939453 -4.262465808532699 -7.054613535795774 -8.553062533101926 -10.427397245546587
21.049999237060547 -3.7708080520823835 -7.105178046319942 -8.614628792916271 -10.431129226734292
21.149999618530273 -4.033420311865186 -7.0200547294827835 -8.568666159531759 -10.420649852670408
21.25 -3.9414888542060638 -7.086485152227006 -8.487566122470042 -10.398181778796207
21.350000381469727 -3.9795876222607056 -7.195954770325532 -8.513139404708369 -10.383856090233383
21.450000762939453 -4.017780531997349 -7.139897556340884 -8.434998318891807 -10.388517063033238
21.549999237060547 -3.9890963760333378 -7.184947881049542 -8.470582097632544 -10.368578669237781
21.649999618530273 -3.8648391342799435 -7.130439903625167 -8.497521278620223 -10.351169188032081
21.75 -3.932444679553953 -7.1861671840107775 -8.453979921231245 -10.332940251411614
21.850000381469727 -4.0997511722407864 -7.060206586728931 -8.329109328898507 -10.355000143058152
21.950000762939453 -4.267352651496076 -7.124844024990473 -8.40347405566633 -10.340191003520768
22.049999237060547 -3.982852646058273 -7.067369704139267 -8.395246916649196 -10.338582317939778
22.149999618530273 -3.968518081706243 -6.953357815119585 -8.412627243673214 -10.317019617228414
22.25 -4.074399822106177 -7.176087428082173 -8.38444537421686 -10.3246041869948
22.350000381469727 -4.138735765863792 -7.022401797016933 -8.390955110132591 -10.296873277187998
22.450000762939453 -4.1622970784371205 -7.107420316983394 -8.279072395428514 -10.28000153643406
22.549999237060547 -4.103119693699675 -7.09359369065098 -8.230013307860403 -10.274471355453215
22.649999618530273 -3.7899207264136336 -7.060544588056679 -8.300864920381681 -10.246596063332554
22.75 -4.358481430327135 -7.066437365271064 -8.300974250216818 -10.262594801895066
22.850000381469727 -4.073541196133178 -7.041570202972029 -8.233042721125436 -10.271017215835933
22.950000762939453 -4.089957154014499 -6.941877309870016 -8.16418748825605 -10.244611637225809
23.049999237060547 -3.6774322058070865 -7.089809180278859 -8.231493338872934 -10.226384490447586
23.149999618530273 -3.9930403184018637 -7.071268072795995 -8.210328496200887 -10.200003166290415
23.25 -3.9930349595792407 -6.890406369214691 -8.10243279797048 -10.19937996151926
23.350000381469727 -3.731162840868432 -6.933924929851589 -8.143365571169966 -10.191286789401346
23.450000762939453 -3.7400483771974855 -7.075304013671506 -8.091518904644303 -10.187585564045275
23.549999237060547 -3.918860946698633 -7.029120525132043 -8.145675523188984 -10.186935238230788
23.649999618530273 -3.78005867904859 -6.9143910657302 -8.101733312369241 -10.186818360000949
23.75 -3.7795455722892584 -7.019948301594326 -7.966890205317153 -10.168961012107346
23.850000381469727 -3.9550007001781964 -6.984280900465045 -8.003344283223583 -10.167480863460941
23.950000762939453 -4.067252867005784 -6.937709879058993 -8.050453390678719 -10.155057929647732
24.049999237060547 -3.80130984491176 -6.859935711352676 -7.840548009860871 -10.092895234918139
24.149999618530273 -3.825484762545173 -6.816399565963152 -7.507680042082679 -9.794599317282504
24.25 -3.3885280809288147 -6.460483689842096 -7.25005282855529 -9.448999487678691
24.350000381469727 -3.520227112874913 -6.072731044191325 -6.9105161216618285 -9.107107125584825
24.450000762939453 -3.330104545200335 -5.892681392248804 -6.043591357282011 -8.762621781526818
24.549999237060547 -3.0824577891155727 -5.606006448851051 -5.412543082016047 -8.345223600632334
24.649999618530273 -2.465873994698434 -5.085765082332067 -4.9201783750955315 -7.919209452164935
24.75 -1.9136372942798552 -4.252546418174035 -4.669430240244608 -7.312090713754966
24.850000381469727 -2.1033846174377047 -4.529855034218713 -4.022862708807114 -6.777726939260848
24.950000762939453 -1.3558104917168787 -4.464337074797392 -3.6704536879548826 -6.367713275819064
