Models/Kasen_0.04_0.15_1e-2.0.dat
# %ECSV 0.9
# ---
# datatype:
# - name: time
#   datatype: float64
# - name: sdss_g
#   datatype: float64
# - name: sdss_r
#   datatype: float64
# - name: sdss_i
#   datatype: float64
# - name: Clear
#   datatype: float64
# meta: !!omap
# - comment:
#   - type = Kasen
#   - mass = 0.04
#   - velocity = 0.15
#   - Xlan = 1e-2.0
# schema: astropy-2.0
time sdss_g sdss_r sdss_i Clear
-1.9500000476837158 nan nan nan nan
-1.850000023841858 nan nan nan nan
-1.75 nan nan nan nan
-1.649999976158142 nan nan nan nan
-1.5499999523162842 nan nan nan nan
-1.4500000476837158 nan nan nan nan
-1.350000023841858 nan nan nan nan
-1.25 nan nan nan nan
-1.149999976158142 nan nan nan nan
-1.0499999523162842 nan nan nan nan
-0.949999988079071 nan nan nan nan
-0.8500000238418579 nan nan nan nan
-0.75 nan nan nan nan
-0.6499999761581421 nan nan nan nan
-0.550000011920929 nan nan nan nan
-0.44999998807907104 nan nan nan nan
-0.3499999940395355 nan nan nan nan
-0.25 nan nan nan nan
-0.15000000596046448 nan nan nan nan
-0.05000000074505806 nan nan nan nan
0.05000000074505806 -10.573634148075229 -10.486116914329436 -10.61431763605869 -10.679362153251912
0.15000000596046448 -12.32476754008006 -12.702931725415844 -13.13073976903982 -12.898316909227763
0.25 -11.86714287522301 -12.849341758684488 -13.550013176067964 -13.223709918994942
0.3499999940395355 -11.430237377102088 -12.759862180148652 -13.72230352385484 -13.431810049865309
0.44999998807907104 -11.09866665006994 -12.59586282490563 -13.800594645354849 -13.59965401491673
0.550000011920929 -10.884134585796915 -12.46152017116773 -13.811982565325035 -13.721053235041147
0.6499999761581421 -10.439355797720118 -12.40273193556176 -13.764895783551381 -13.818634846811918
0.75 -10.38789113330484 -12.27211365449984 -13.763649722382766 -13.887839997587161
0.8500000238418579 -10.096252234596221 -12.222053650764906 -13.73932219392421 -13.969951427203505
0.949999988079071 -10.02943469124147 -12.209690094259258 -13.78886616902362 -14.050096535403306
1.0499999523162842 -9.80748597479904 -12.173329792022532 -13.802671992590497 -14.117589346758255
1.149999976158142 -9.865887659261382 -12.098517443276748 -13.795315969354792 -14.170063896099613
1.25 -9.634947406044596 -12.035673760142366 -13.777352966072183 -14.212922120344892
1.350000023841858 -9.599567225612223 -11.985356778112884 -13.75166892688047 -14.263558374787909
1.4500000476837158 -9.392740512084078 -11.940825529440055 -13.739616635088119 -14.296177624064569
1.5499999523162842 -9.395165783786528 -11.887625590224776 -13.75328438854703 -14.328808088911543
1.649999976158142 -9.257205716391915 -11.848113510531853 -13.736879344090514 -14.35203717724238
1.75 -9.119093010012644 -11.80146526322467 -13.69045993296211 -14.36688633783342
1.850000023841858 -8.847173554569235 -11.667944738370181 -13.66721600572658 -14.352506206644438
1.9500000476837158 -8.693301018817277 -11.69878637975452 -13.595892472506527 -14.362101261880653
2.049999952316284 -8.59937758562966 -11.551803680843754 -13.569379450481254 -14.349709735858802
2.1500000953674316 -8.761798750053423 -11.454384456008572 -13.508039970578164 -14.348370412855044
2.25 -8.66451407734277 -11.353781675016869 -13.47575849331184 -14.325915380818405
2.3499999046325684 -8.46870928503482 -11.34415286018308 -13.371774129990634 -14.329278569852182
2.450000047683716 -8.389022367192261 -11.328717998277547 -13.329975859005373 -14.324076221579755
2.549999952316284 -8.055924753069288 -11.186438791749204 -13.302691650686267 -14.31464892764101
2.6500000953674316 -7.7430065749022745 -11.163044495797187 -13.193336164844549 -14.315591316786787
2.75 -7.75839426538975 -11.105506849339445 -13.162601315114163 -14.296248445407198
2.8499999046325684 -7.749684039670477 -11.016655196686656 -13.084254062830848 -14.298677678573831
2.950000047683716 -7.556095593468449 -10.92811675456656 -13.00205225346783 -14.30145648521924
3.049999952316284 -7.490504912409811 -10.919592670496247 -12.99720541437226 -14.294398403418121
3.1500000953674316 -7.819342422511639 -10.77030338846087 -12.911944930745484 -14.287787424506874
3.25 -7.109101620219853 -10.704427941342875 -12.883130829729797 -14.296043776990192
3.3499999046325684 -7.3954370346000005 -10.798256145196671 -12.81710528456632 -14.298907901659696
3.450000047683716 -7.234105175811383 -10.552634438186416 -12.763044891882625 -14.287005383283223
3.549999952316284 -6.982147402046447 -10.65853741060079 -12.744581046846779 -14.305901747104869
3.6500000953674316 -7.232667944842667 -10.60079669459222 -12.643413186393193 -14.294353070303245
3.75 -6.923141084560282 -10.570590316562932 -12.57977026711524 -14.300817000304221
3.8499999046325684 -7.10758442601432 -10.303672875944422 -12.577164377232684 -14.302346637693137
3.950000047683716 -6.925803567779695 -10.517833704012169 -12.517868162703433 -14.31218341338818
4.050000190734863 -7.069864818472762 -10.318981662852941 -12.444840981915103 -14.30850598631648
4.150000095367432 -6.750528572687696 -10.292369752998376 -12.382255211242676 -14.296007909232408
4.25 -6.873875503246811 -10.095847324658365 -12.421008421370576 -14.29558283411135
4.349999904632568 -6.6398547696038435 -10.313247484261865 -12.339311009645332 -14.306926354306714
4.449999809265137 -6.557313846268791 -10.150649702210426 -12.252893887687687 -14.289454573203997
4.550000190734863 -6.2975462116948435 -10.159287683799384 -12.189209118632004 -14.286115327875098
4.650000095367432 -6.520853362501867 -9.994446816819263 -12.163184447119377 -14.273421095036767
4.75 -6.0853795099292185 -10.079036288856027 -12.079844390298287 -14.271013019465514
4.849999904632568 -6.290770765788736 -10.072497959535223 -12.04757693006194 -14.260946926750847
4.949999809265137 -6.202125819395647 -9.995992732332159 -12.01091857274043 -14.250468094346814
5.050000190734863 -6.273412544317981 -9.910195581544102 -11.942559319913727 -14.23852463780354
5.150000095367432 -6.408319082178387 -9.912841942292047 -11.945565014220424 -14.228619061836149
5.25 -6.915426902872337 -9.820741433394804 -11.916591815067825 -14.204479581523593
5.349999904632568 -5.888661941830804 -9.791671605058497 -11.889641555402402 -14.20152310845452
5.449999809265137 -5.925771252011252 -9.716702194889944 -11.757704753510506 -14.18297149514148
5.550000190734863 -6.323844439009481 -9.773816369050643 -11.683434754481606 -14.162052131314837
5.650000095367432 -6.2452999569760905 -9.71966903286675 -11.731847652206223 -14.145362003904495
5.75 -5.364503029302284 -9.586136379273889 -11.665235284566265 -14.128120811777578
5.849999904632568 -6.025109390823012 -9.610468731566492 -11.578824037857288 -14.110942113605326
5.949999809265137 -6.4559461616096705 -9.556726618552965 -11.531703982648764 -14.08826756767877
6.050000190734863 -6.105268401422094 -9.446258361655339 -11.478359562083611 -14.060375949881607
6.150000095367432 -6.330873309903996 -9.435087727888025 -11.526684391720487 -14.04529627744516
6.25 -6.5156337669339095 -9.605264751980702 -11.400479262425808 -14.022115264105192
6.349999904632568 -5.71690824860309 -9.546326125247127 -11.439288325776054 -14.004881747879022
6.449999809265137 -5.720882176545533 -9.350971826074172 -11.391651253873288 -13.966969862339361
6.550000190734863 -6.080387660738687 -9.381529998584647 -11.405831017723251 -13.950085216951841
6.650000095367432 -5.5287152386144385 -9.404195379727462 -11.29143664949384 -13.929663198947445
6.75 -6.321619391610767 -9.223788798340578 -11.177072344615322 -13.901970381316026
6.849999904632568 -6.202364931427823 -9.210989775334529 -11.185471900150578 -13.870260066461363
6.949999809265137 -5.8645167904924875 -9.269462275843107 -11.172344022533302 -13.842786231690539
7.050000190734863 -6.470673550027211 -9.408712729933438 -11.161205034082244 -13.823972714616449
7.150000095367432 -5.943191022839066 -9.246474410524264 -11.087508127103803 -13.785343306598115
7.25 -6.22185929650291 -9.264684640270126 -11.022640816376224 -13.753396202063431
7.349999904632568 -6.081395525406769 -9.314192701863725 -11.124745100694863 -13.731013067360102
7.449999809265137 -6.517457378111615 -9.175350838731134 -11.046752927712795 -13.693201310604923
7.550000190734863 -5.556508985657771 -9.107532560894963 -11.104475664606255 -13.669025243578147
7.650000095367432 -5.803802502723276 -9.15534214654523 -10.967804261178003 -13.634029795387697
7.75 -6.139544152384758 -9.229244557991066 -11.009801317193375 -13.603922382246143
7.849999904632568 -6.0241626055504796 -9.102190303280423 -10.964229990115307 -13.575402508537856
7.949999809265137 -6.418950153114508 -9.091936891655326 -10.954501489517948 -13.542527324276623
8.050000190734863 -6.4505508271438 -8.986265786052456 -10.974038161554368 -13.506456903792667
8.149999618530273 -5.922524020913343 -9.247431607552851 -10.884006509645356 -13.474540253674967
8.25 -6.057025652330623 -9.115622367820546 -10.895643104360843 -13.43863073486444
8.350000381469727 -6.110880892208005 -8.884935952050128 -10.918156530245685 -13.395523726039123
8.449999809265137 -6.391230841549852 -9.094525641033766 -10.884938119721554 -13.360421559872094
8.550000190734863 -6.226276952079928 -9.1426569675371 -10.87639882179991 -13.336485419316837
8.649999618530273 -6.1325848328143024 -9.13086378315651 -10.80988717274693 -13.316137893720718
8.75 -5.635040769810892 -9.219561228375895 -10.871594505001827 -13.275779980200817
8.850000381469727 -6.1682685823727255 -8.97565718652757 -10.831441269848476 -13.22794042889397
8.949999809265137 -5.521167773804187 -8.960976078424316 -10.792365912787957 -13.196602204475486
9.050000190734863 -6.362588760551393 -8.735653511267454 -10.717110124940639 -13.13945864978881
9.149999618530273 -5.999904718237062 -9.04529899903335 -10.801321980341243 -13.112106482806361
9.25 -6.486408009176124 -9.013617871539154 -10.788179757416518 -13.081922049992265
9.350000381469727 -6.205831202435899 -9.0609735610001 -10.829189572491895 -13.036628390372954
9.449999809265137 -5.450633076637441 -8.945673795261381 -10.759614863411745 -13.012692229048675
9.550000190734863 -5.9026735205452425 -9.045342445758532 -10.780230522947228 -12.981269751638749
9.649999618530273 -6.352597560408757 -9.120482812915068 -10.743257579440165 -12.93759610509861
9.75 -6.017195286335401 -8.975793489407774 -10.739645169495255 -12.904385981147382
9.850000381469727 -5.858760144194459 -8.947070054975516 -10.716192350740176 -12.876809608201626
9.949999809265137 -5.731010549872323 -8.946477582535017 -10.73274600877054 -12.839823501716172
10.050000190734863 -5.703870266071657 -8.952575020911777 -10.680061690501855 -12.788044974778874
10.149999618530273 -5.682131281539597 -8.903941629933268 -10.763543954649325 -12.756634600380565
10.25 -5.739236989694771 -8.9515011832462 -10.624372793969044 -12.727479992096793
10.350000381469727 -6.284090830154021 -8.870395418814567 -10.645468009999114 -12.700366396947715
10.449999809265137 -5.999067769282863 -8.94345371164794 -10.631551942535864 -12.652997684930206
10.550000190734863 -6.019748071576402 -8.83454246662269 -10.638595515285267 -12.623395416848343
10.649999618530273 -5.900698594748633 -8.832222051082987 -10.65326024331754 -12.601465130075738
10.75 -5.770138228141725 -8.689632309995869 -10.642891846288983 -12.557879489450887
10.850000381469727 -6.1345130740743485 -8.821520261888494 -10.622937788192345 -12.536935516472568
10.949999809265137 -5.804456237585633 -8.65375543113981 -10.662479208944529 -12.50855988542428
11.050000190734863 -5.914232646591373 -8.775054395761227 -10.68584358188657 -12.477926656086968
11.149999618530273 -5.877198396332886 -8.856284093618772 -10.671879102043892 -12.452929469240754
11.25 -5.725940144395807 -8.790979304133245 -10.604580236925774 -12.416974377670208
11.350000381469727 -6.039466240344595 -8.8162043452093 -10.614464084474381 -12.392419048261605
11.449999809265137 -6.22445557428474 -8.811116070245884 -10.591667456782972 -12.364265712437536
11.550000190734863 -5.918107842829848 -8.922145952229748 -10.568967350066892 -12.331605074572188
11.649999618530273 -5.957889959210927 -8.711318069479546 -10.561923089305228 -12.301437339557562
11.75 -5.915386638309812 -8.639190833534734 -10.584168611105898 -12.265141911755869
11.850000381469727 -5.933883781848291 -8.699685110349233 -10.605154976637493 -12.244429497279956
11.949999809265137 -5.57567856666493 -8.823233132343045 -10.558248831330609 -12.212254790388712
12.050000190734863 -5.724362089125037 -8.664999327088136 -10.506485772473532 -12.186531331739918
12.149999618530273 -5.8117951893188575 -8.761529410203924 -10.51389514020698 -12.177688096039706
12.25 -5.660326707154109 -8.70853299970571 -10.577210097350019 -12.145201764793917
12.350000381469727 -5.815294747809116 -8.517374832291303 -10.501021895004236 -12.106511241080703
12.449999809265137 -5.4901633512901675 -8.631360092547943 -10.447927252949949 -12.101240035034458
12.550000190734863 -5.125078611204916 -8.62801040109363 -10.463841889080044 -12.08891934879696
12.649999618530273 -5.788461769669176 -8.562405645461816 -10.413207228821726 -12.0553924121438
12.75 -5.672642197084947 -8.62524837345353 -10.422853215708582 -12.041132337792014
12.850000381469727 -5.891630457102298 -8.648472614340655 -10.466546844560682 -12.035828279406246
12.949999809265137 -5.729244767095086 -8.592238125754946 -10.443426086273114 -12.003691724376381
13.050000190734863 -5.760858629959131 -8.524808604792124 -10.388272255977895 -11.961759260473237
13.149999618530273 -5.890761528404841 -8.571798390708384 -10.418342922535295 -11.95736386601526
13.25 -5.565938545766311 -8.502257513060915 -10.462295075469218 -11.932885321226394
13.350000381469727 -5.7644737856079225 -8.483906210794814 -10.302183822654815 -11.921100225861593
13.449999809265137 -5.654060016834464 -8.490151501273807 -10.278561243249808 -11.895395324576988
13.550000190734863 -6.149512053183315 -8.468787733008359 -10.316516522814343 -11.884345824839798
13.649999618530273 -5.842694162140507 -8.568818484013192 -10.282635184997492 -11.845830772704264
13.75 -5.760527286004141 -8.531373946913483 -10.303726783090493 -11.834011966936252
13.850000381469727 -5.873427218974573 -8.51559136120628 -10.223284044984766 -11.829839973824807
13.949999809265137 -5.73575786575352 -8.480898392148056 -10.220619667842993 -11.810132391419295
14.050000190734863 -6.106580310407857 -8.463596332792218 -10.280389967560524 -11.806554247851352
14.149999618530273 -5.964556810718879 -8.464148952146619 -10.179949706513899 -11.7900610236466
14.25 -6.113571678733869 -8.443269610916825 -10.227920874491673 -11.782881551568394
14.350000381469727 -5.59839568836432 -8.553123253771943 -10.180041011336161 -11.75498575743585
14.449999809265137 -5.5792974981031165 -8.422541459031695 -10.133890864986196 -11.720904730218535
14.550000190734863 -5.720153466478738 -8.461818846522736 -10.171451140724344 -11.71449748681961
14.649999618530273 -5.8051804521968755 -8.250668742619489 -10.125127102406513 -11.69736691141016
14.75 -5.641730100953257 -8.449797276503073 -10.086174741431982 -11.674631191510294
14.850000381469727 -5.897705333819992 -8.292844342197998 -10.12689765126666 -11.675716506009621
14.949999809265137 -5.667960573746207 -8.327769171667356 -10.10863578966077 -11.64559803844329
15.050000190734863 -5.57131426102881 -8.247230877301703 -10.015992293730655 -11.645612159640937
15.149999618530273 -5.95876693931017 -8.29530149693479 -9.993143451775154 -11.621117168777655
15.25 -5.723808304299009 -8.280964454172203 -10.050372235808084 -11.616961746438339
15.350000381469727 -5.6831037590000015 -8.40953849589513 -9.959074079730456 -11.60124116557175
15.449999809265137 -5.851014551999388 -8.314694457915184 -9.980082424863042 -11.570087964543806
15.550000190734863 -5.871677342708622 -8.343854134146554 -9.988542426628122 -11.557897288399623
15.649999618530273 -5.643571162798558 -8.33413312847981 -9.991876639381367 -11.551274334353145
15.75 -5.769768705486406 -8.253627172779133 -9.86868386830507 -11.521445127316081
15.850000381469727 -5.833540111094656 -8.361405735824277 -9.946016337670287 -11.508335465472719
15.949999809265137 -5.972333789073417 -8.220801495497824 -9.895884612768615 -11.487196844904624
16.049999237060547 -5.686678860563266 -8.08809855828185 -9.84601937888791 -11.505817358439177
16.149999618530273 -5.808110622689355 -8.231425257184387 -9.787621108861906 -11.46795612069933
16.25 -5.735915154170883 -8.271325252175934 -9.87098625458053 -11.457633884637286
