Models/Kasen_0.035_0.1_1e-1.5.dat
# %ECSV 0.9
# ---
# datatype:
# - name: time
#   datatype: float64
# - name: sdss_g
#   datatype: float64
# - name: sdss_r
#   datatype: float64
# - name: sdss_i
#   datatype: float64
# - name: Clear
#   datatype: float64
# meta: !!omap
# - comment:
#   - type = Kasen
#   - mass = 0.035
#   - velocity = 0.1
#   - Xlan = 1e-1.5
# schema: astropy-2.0
time sdss_g sdss_r sdss_i Clear
[from data line 186]
16.649999618530273 -4.3324597125402065 -7.491344600579669 -9.512559301784371 -11.41189371946517
16.75 -4.030087137840109 -7.426338609438211 -9.558060412978367 -11.393380015071685
16.850000381469727 -4.286975533667672 -7.58086810329398 -9.486387708483697 -11.388634854610693
16.950000762939453 -4.340983257054198 -7.4683193957279315 -9.497427089126287 -11.376961487606476
17.049999237060547 -4.293735544194789 -7.3970477820586105 -9.446507797651876 -11.355108895028991
17.149999618530273 -4.55285260609697 -7.347619048144182 -9.425234466595953 -11.345285575658444
17.25 -4.3382831412559675 -7.23811409923627 -9.361553703914332 -11.333511723375011
17.350000381469727 -4.559237887524095 -7.378923180477855 -9.344213923560059 -11.318092580836293
17.450000762939453 -3.962508039569844 -7.202773249580691 -9.443903817928202 -11.300785897987904
17.549999237060547 -4.635148691135445 -7.456037729821158 -9.331386497677343 -11.286966479667218
17.649999618530273 -3.8788193439525607 -7.348523187504149 -9.387477266246393 -11.2848935367135
17.75 -4.4837126652823684 -7.438580075713084 -9.371899810849147 -11.269333598816129
17.850000381469727 -3.8119795192079664 -7.479966943894659 -9.404450732523138 -11.243051751381827
17.950000762939453 -4.303138383208029 -7.182915524537147 -9.292394864436105 -11.233971511221881
18.049999237060547 -4.056771678474657 -7.44339287518207 -9.339687884302748 -11.213409723336639
18.149999618530273 -4.38313889664445 -7.343412690809615 -9.350657846135615 -11.217284194573061
18.25 -3.831805849648539 -7.332898668464704 -9.283815914489757 -11.196154549002557
18.350000381469727 -4.220015089024823 -7.47159403347333 -9.271781882537532 -11.195481587407286
18.450000762939453 -4.69233840381661 -7.410978063661339 -9.248969079898195 -11.169202471517906
18.549999237060547 -3.5354344503324846 -7.342020815009995 -9.22226135971843 -11.153888571604135
18.649999618530273 -3.6715265464843547 -7.415736793822855 -9.283021707467963 -11.158261447148185
18.75 -3.7851517399163335 -7.339098269295288 -9.221168650222047 -11.156930135259408
18.850000381469727 -3.968228422632194 -7.370807087309849 -9.127594858974966 -11.12531556408723
18.950000762939453 -3.3637625728668574 -7.294827972803926 -9.105958580151324 -11.123105976713099
19.049999237060547 -3.302471947398132 -7.242173780539524 -9.186823119446558 -11.113015963974284
19.149999618530273 -4.450393595496813 -7.101932548326534 -9.145561594931124 -11.10240858287122
19.25 -3.9762584452370753 -7.331126601999699 -9.197961102912817 -11.094578049243893
19.350000381469727 -4.299188234193178 -7.267709339751839 -9.092873612634193 -11.086920060696187
19.450000762939453 -4.071448318628093 -7.371350363175139 -9.133310693131168 -11.093748614904534
19.549999237060547 -3.8174868884442965 -7.181536993382316 -9.121132274553577 -11.040561345368562
19.649999618530273 -4.085750762904318 -7.311564166629957 -9.014877762380191 -11.052463437257359
19.75 -4.015522077678813 -7.19703297960497 -9.090837901658745 -11.019575369259496
19.850000381469727 -4.0429816850762315 -7.041385296130425 -8.998089086793136 -11.047482203798644
19.950000762939453 -3.3845688953698243 -7.209185184674077 -9.013015817887762 -10.995858953539237
20.049999237060547 -4.530877822805827 -7.059020676531066 -9.036071356511158 -11.006694660472345
20.149999618530273 -4.126765684737364 -7.184857076043773 -9.03907931850108 -10.9817396955678
20.25 -3.8897236136944144 -7.229130385189805 -8.924174337186454 -10.971356849034063
20.350000381469727 -3.928491486140995 -7.208838874291995 -8.913629075611865 -10.966402231525684
20.450000762939453 -4.064020146749289 -7.129513383839136 -8.970956840749448 -10.952674147967528
20.549999237060547 -4.158745475996799 -7.042813542096209 -8.96514188950814 -10.931196287095997
20.649999618530273 -3.895710036286495 -7.2765910513332415 -8.877173521314127 -10.93363575380108
20.75 -4.231015367906739 -7.15012774707429 -8.897192777270249 -10.903354371357647
20.850000381469727 -4.029167600394061 -7.235295502081193 -8.870582594378824 -10.91614229153819
20.950000762939453 -4.318441405359536 -7.216071881821065 -8.869558644452297 -10.899843027253535
21.049999237060547 -4.049812731700587 -7.288703108244839 -8.776869873268232 -10.89728281156247
21.149999618530273 -4.3198888505831015 -7.2077074891256245 -8.870128818098806 -10.885519080797835
21.25 -4.188530000277645 -7.027679147943388 -8.821304975434288 -10.883990762252182
21.350000381469727 -4.295438281462491 -7.124433403378564 -8.732862622794993 -10.900144231725847
21.450000762939453 -4.192599892673627 -7.130905627933487 -8.8549478247581 -10.891773063138054
21.549999237060547 -4.500403400114067 -7.030316843580948 -8.797773700471648 -10.846452243932724
21.649999618530273 -4.091852781496204 -7.101679050551308 -8.693123147880296 -10.83441518684947
21.75 -4.18646798028864 -7.070014573717838 -8.684555806649868 -10.822777652186698
21.850000381469727 -4.190755623895278 -7.056176190700043 -8.716995516429485 -10.830439183221909
21.950000762939453 -4.200369894445256 -6.940197379023701 -8.57298406689615 -10.803088736648313
22.049999237060547 -4.174214067362865 -7.069601345823006 -8.579138305567163 -10.785779006874733
22.149999618530273 -3.9436520453054307 -6.953016289708113 -8.58374303424306 -10.786683960118111
22.25 -3.9705044019096434 -6.8790621090520006 -8.650804028988581 -10.772452833694096
22.350000381469727 -4.029511428813386 -6.970055452300915 -8.591720975229112 -10.749515538710341
22.450000762939453 -4.364522310273305 -7.117622784128315 -8.571627702140074 -10.755743841946718
22.549999237060547 -3.738406594827861 -7.0331814539767805 -8.483809993705659 -10.727134830564587
22.649999618530273 -3.5808558260250862 -7.070549243153902 -8.548101630561966 -10.7381326639564
22.75 -4.092576624318383 -6.834860740730296 -8.599374605755912 -10.738408139014243
22.850000381469727 -3.9918671906146415 -6.913210315151364 -8.510060651155584 -10.716318014932337
22.950000762939453 -4.3315639410705415 -7.099915327945439 -8.558920908489615 -10.722941534047866
23.049999237060547 -3.696104876212271 -7.0436048946530185 -8.455709636523267 -10.703737247865543
23.149999618530273 -4.052091560648627 -7.0631753048250125 -8.452491343436378 -10.687967713467863
23.25 -4.313354629885403 -7.058230901779535 -8.512328631046366 -10.717405893985038
23.350000381469727 -4.117719436578557 -6.88060289524023 -8.339692839538667 -10.677895467305785
23.450000762939453 -3.9912075714404374 -6.9505896696581075 -8.441671111403458 -10.685942747530113
23.549999237060547 -4.205877733238648 -6.997555249990139 -8.31802833837569 -10.666637019413827
23.649999618530273 -4.37320526465507 -6.946283178700867 -8.402878794072418 -10.642744017660704
23.75 -4.140230092430851 -6.8125489747641055 -8.298210387736546 -10.649430635358968
23.850000381469727 -4.100004700788347 -6.8036564717210695 -8.316277719129118 -10.589739263502654
23.950000762939453 -4.11377141090405 -6.613846427909657 -7.94472380579769 -10.270331199014581
24.049999237060547 -4.12486486166792 -6.327766229966514 -7.61513080433193 -9.936344792949996
24.149999618530273 -3.6560521539527855 -6.235733232986355 -7.082699182644937 -9.581122295736641
24.25 -3.2904287197183173 -5.6789005644366455 -6.663172398625285 -9.205404700555327
24.350000381469727 -3.0667939230113923 -5.693470333240583 -5.862263108468625 -8.77270825874352
24.450000762939453 -2.2086079179852796 -5.36127190953766 -5.042513701195627 -8.347157029300988
24.549999237060547 -3.175362163150467 -4.694068766406382 -4.922700223851045 -7.764785982291503
24.649999618530273 -2.7517940655136783 -4.570168448638171 -4.040502952458954 -7.402216242824011
24.75 -1.6785841183350456 -4.5894643628714675 -4.017113257740263 -6.90723836800646
24.850000381469727 -1.8143695075856776 -4.3912658572856955 -3.094180357856459 -6.60257983318645
24.950000762939453 -1.067248935471893 -4.567244894461595 -3.333243891410099 -6.232563758099925
