Models/Kasen_0.04_0.1_1e-2.5.dat
# %ECSV 0.9
# ---
# datatype:
# - name: time
#   datatype: float64
# - name: sdss_g
#   datatype: float64
# - name: sdss_r
#   datatype: float64
# - name: sdss_i
#   datatype: float64
# - name: Clear
#   datatype: float64
# meta: !!omap
# - comment:
#   - type = Kasen
#   - mass = 0.04
#   - velocity = 0.1
#   - Xlan = 1e-2.5
# schema: astropy-2.0
time sdss_g sdss_r sdss_i Clear
-1.9500000476837158 nan nan nan nan
-1.850000023841858 nan nan nan nan
-1.75 nan nan nan nan
-1.649999976158142 nan nan nan nan
-1.5499999523162842 nan nan nan nan
-1.4500000476837158 nan nan nan nan
-1.350000023841858 nan nan nan nan
-1.25 nan nan nan nan
-1.149999976158142 nan nan nan nan
-1.0499999523162842 nan nan nan nan
-0.949999988079071 nan nan nan nan
-0.8500000238418579 nan nan nan nan
-0.75 nan nan nan nan
-0.6499999761581421 nan nan nan nan
-0.550000011920929 nan nan nan nan
-0.44999998807907104 nan nan nan nan
-0.3499999940395355 nan nan nan nan
-0.25 nan nan nan nan
-0.15000000596046448 nan nan nan nan
-0.05000000074505806 nan nan nan nan
0.05000000074505806 nan nan nan nan
0.15000000596046448 -5.005402403633443 -4.8218951433317265 -6.055016367034536 -5.458090163259733
0.25 -11.193195833146685 -12.142328495712935 -12.242592472721533 -12.117270871761558
0.3499999940395355 -11.516995356611748 -13.178778771992732 -13.32265444586654 -13.163233025894868
0.44999998807907104 -11.783449761088995 -13.559739255961752 -13.673302050683457 -13.501706649135198
0.550000011920929 -11.91596054384187 -13.733630744897571 -13.90677188805537 -13.734217943874253
0.6499999761581421 -11.825928944151485 -13.802583561909671 -14.062215402491276 -13.878541418266199
0.75 -11.893452842739222 -13.885991561372684 -14.189966867270595 -14.02262647986776
0.8500000238418579 -11.805613554297707 -13.94464844634339 -14.304604749440077 -14.137261965021466
0.949999988079071 -11.837977252774934 -13.974117710674477 -14.367347816579006 -14.226204129037882
1.0499999523162842 -11.760095601745192 -13.95919328613084 -14.42274888931248 -14.298316840686702
1.149999976158142 -11.673576797105788 -13.939058553344523 -14.446239685208603 -14.354753288351255
1.25 -11.567892535761967 -13.84147918803206 -14.465888772454814 -14.391264688731358
1.350000023841858 -11.429896308296783 -13.782317185162633 -14.433269695046583 -14.411895333740631
1.4500000476837158 -11.299095513462476 -13.714575783121035 -14.445397937836837 -14.448612581089797
1.5499999523162842 -11.220445414209411 -13.650141005237767 -14.424730398218834 -14.478006135331075
1.649999976158142 -11.076665247289618 -13.48865967274726 -14.3342277122734 -14.471909189341027
1.75 -10.865075627006373 -13.455564804029919 -14.337386652039875 -14.50451127563047
1.850000023841858 -10.760197448765627 -13.352651166918726 -14.217332846308022 -14.499360197753866
1.9500000476837158 -10.513512277015561 -13.256679036241337 -14.183774281501378 -14.519323393980805
2.049999952316284 -10.544076394485032 -13.178184673099754 -14.129482785245369 -14.519206187598222
2.1500000953674316 -10.216588171289036 -13.134535649603915 -14.091415121982838 -14.533019848421734
2.25 -10.280354844405402 -12.984782129972594 -14.005627155337983 -14.517672378323692
2.3499999046325684 -10.061583333137577 -12.969249325458186 -13.954878964651908 -14.516880586974121
2.450000047683716 -10.013578433643033 -12.8829371896256 -13.9172095224585 -14.50866971239525
2.549999952316284 -9.810054311295836 -12.83267501204191 -13.853096650306782 -14.487732647061002
2.6500000953674316 -9.583625487301191 -12.7401014473316 -13.8271749081024 -14.484776438300855
2.75 -9.751116663606787 -12.638164417960411 -13.735776923823963 -14.456718336378103
2.8499999046325684 -9.382010768949286 -12.587528112020792 -13.723865978295102 -14.427260915299637
2.950000047683716 -9.364335192404045 -12.478659967231408 -13.671793442669262 -14.418570921117766
3.049999952316284 -9.29076351540931 -12.405917956977554 -13.60014104448647 -14.40092060205918
3.1500000953674316 -9.047239358927843 -12.31982496101984 -13.568283818294532 -14.352242750770312
3.25 -9.077724796627095 -12.291359281865976 -13.51742494493989 -14.340523036783523
3.3499999046325684 -8.701020212391931 -12.137494603931195 -13.434135298054073 -14.333263018396757
3.450000047683716 -8.792690368954887 -12.121829423202719 -13.383908100677054 -14.288905742880239
3.549999952316284 -8.717252055515338 -12.059576846770199 -13.347292357540045 -14.261150884825916
3.6500000953674316 -8.635211273136825 -11.960528182759589 -13.290528183263707 -14.266663110097017
3.75 -8.613805475857678 -11.831325412162869 -13.257646485604933 -14.251873939926096
3.8499999046325684 -8.27260808574686 -11.794689998453613 -13.193560665869928 -14.211613594351974
3.950000047683716 -8.226278512180958 -11.778061121282779 -13.153996559685538 -14.196702787442774
4.050000190734863 -8.272446428751017 -11.660272323878118 -13.072885303034454 -14.19838455493727
4.150000095367432 -8.122849003724347 -11.4816149180973 -13.020866671091554 -14.182069079329736
4.25 -8.020596999489467 -11.482912410220955 -12.959874476122437 -14.15233576113021
4.349999904632568 -7.662617680014723 -11.4786743172723 -12.918924901188177 -14.143579285881298
4.449999809265137 -7.905008631425481 -11.408725497540043 -12.892802244068609 -14.140092190991147
4.550000190734863 -7.756197484489398 -11.283358108661453 -12.804293211954093 -14.136004266503743
4.650000095367432 -7.508770840573611 -11.261560699315176 -12.782637819299136 -14.10564880584267
4.75 -7.494461666967773 -11.259827452921485 -12.746200605583454 -14.106585636678645
4.849999904632568 -7.034414805578248 -11.186012531494864 -12.734047455015023 -14.094797512591963
4.949999809265137 -7.355077769677507 -11.010629625957336 -12.686207472549778 -14.098282658123402
5.050000190734863 -7.303378076640872 -10.957785358848184 -12.585183741409786 -14.088745859007389
5.150000095367432 -6.960142942341264 -10.86897710535991 -12.508144254038744 -14.073453547826958
5.25 -6.9521102432567545 -10.780926498577681 -12.54119989806415 -14.061233149030588
5.349999904632568 -6.881811977865734 -10.844869036933606 -12.50649744396156 -14.054873289915008
5.449999809265137 -6.883656076497598 -10.696334527609075 -12.419083048053142 -14.065911116264203
5.550000190734863 -6.672811136428404 -10.704924165184657 -12.37426983435606 -14.047169215660077
5.650000095367432 -6.802762068062741 -10.686106800424454 -12.319894120830966 -14.037072357279598
5.75 -6.999524450749828 -10.643709054664118 -12.304884142805875 -14.021356254903186
5.849999904632568 -6.7053554335351535 -10.636548913571247 -12.338250661501839 -14.016460201536553
5.949999809265137 -6.52841369774292 -10.470731194925104 -12.244275330949172 -14.009720295568407
6.050000190734863 -6.303184024749044 -10.329681810205251 -12.255240094977637 -14.004240944357633
6.150000095367432 -6.836940020461437 -10.442299955028439 -12.145302556023946 -13.990836027538997
6.25 -6.261410689062934 -10.27373376326858 -12.062756283365779 -13.97671356419643
6.349999904632568 -6.419693496082072 -10.25746834180692 -12.091897109072463 -13.954497233251686
6.449999809265137 -6.780005440216399 -10.261457145981236 -12.031499316134674 -13.948868174796406
6.550000190734863 -6.300503515783717 -10.163078139674582 -12.04564343688309 -13.942264564290845
6.650000095367432 -6.189083915384231 -10.068681424147904 -11.969812673900563 -13.928952464158236
6.75 -6.381870863743778 -9.985948406269024 -12.015867204970636 -13.909996784646587
6.849999904632568 -4.68922136158092 -10.021680419025415 -11.863643370112097 -13.879518463092936
6.949999809265137 -5.901796832134284 -9.89187976462302 -11.889187637553249 -13.868039776607866
7.050000190734863 -5.460844086350999 -10.0443450084544 -11.880770674470618 -13.856635061509152
7.150000095367432 -5.454386244689399 -9.929488947145671 -11.690996180777113 -13.834162665602115
7.25 -4.936905354610435 -9.76865094162089 -11.817532766467579 -13.803309704188354
7.349999904632568 -5.98696311683538 -9.603413794615488 -11.75116398347788 -13.792003401314272
7.449999809265137 -5.974711332819076 -9.760154609864585 -11.672271766524798 -13.757678083757575
7.550000190734863 -5.604731395036719 -9.652517714077405 -11.53607080506303 -13.75235572346272
7.650000095367432 -5.2629979530709186 -9.754177386015243 -11.592289549597563 -13.71393867796484
7.75 -5.885173697613887 -9.636811106450917 -11.4974838513888 -13.691481707699655
7.849999904632568 -5.27935423364913 -9.524304713147295 -11.471608094489063 -13.66629548487317
7.949999809265137 -4.990734336488757 -9.485245353698819 -11.49984702495242 -13.644141337250467
8.050000190734863 -4.524541911365084 -9.466912174621157 -11.542161373339859 -13.61403185606207
8.149999618530273 -4.584994237040384 -9.38494465673783 -11.422603415167359 -13.595223981873335
8.25 -5.63586420667 -9.348594594614607 -11.318682845217936 -13.55613429866558
8.350000381469727 -6.031113466660848 -9.382134346729448 -11.327456339965938 -13.54066987952666
8.449999809265137 -4.8704705395324055 -9.39352017354435 -11.2989301247239 -13.497234519766241
8.550000190734863 -4.630220326298094 -9.184324613615466 -11.214846087361693 -13.464740346445861
8.649999618530273 -5.443305815647907 -9.132445838607552 -11.174730455946225 -13.439729467447073
8.75 -5.685357697478263 -8.993944735333578 -11.244538254319075 -13.418416412068723
8.850000381469727 -5.393823752580214 -9.15711940796426 -11.208532052340985 -13.378118643751776
8.949999809265137 -4.800013307868756 -8.996533329919245 -11.05252068931085 -13.337342590053307
9.050000190734863 -4.957538243813794 -8.995190549850602 -11.091874814450541 -13.307107979066807
9.149999618530273 -5.372873871931031 -8.906388889722415 -11.013892110439542 -13.288707323888037
9.25 -4.633968476519975 -8.86063840865377 -10.993370897883583 -13.256643012443192
9.350000381469727 -5.637201721549992 -8.733492412996526 -10.904656784545594 -13.210074333589397
9.449999809265137 -5.12934483544732 -8.773827384196363 -10.953234479114734 -13.180889266538074
9.550000190734863 -4.56757406908336 -8.899010182004854 -10.954324955187118 -13.1489203107162
9.649999618530273 -4.921369787955786 -8.72245698494692 -10.955035146468507 -13.113644980469946
9.75 -4.8745073523683295 -8.797549880031447 -10.820463213506194 -13.075077625884603
9.850000381469727 -5.309659674810138 -8.591934453548674 -10.72989487081324 -13.049400200948373
9.949999809265137 -4.826350493006295 -8.743708937623865 -10.747740017686617 -13.016033778804868
10.050000190734863 -4.946457379315898 -8.567622613231542 -10.683319911571342 -12.979515032537687
10.149999618530273 -5.366747493422636 -8.409251063868496 -10.691336618920296 -12.950851752591262
10.25 -5.070741380470771 -8.533405234882167 -10.607341720496755 -12.917670073131237
10.350000381469727 -3.9942140033496294 -8.701882250043315 -10.540424262198918 -12.883391542253545
10.449999809265137 -4.35176660873714 -8.497323353446905 -10.579385707435407 -12.856776279225627
10.550000190734863 -4.815925168720035 -8.363404934966582 -10.451520555999675 -12.804642455997431
10.649999618530273 -4.741666600950179 -8.49432584010026 -10.499525292801351 -12.78737762266816
10.75 -4.0574740369486015 -8.225280671210939 -10.555178532468652 -12.74375170360885
10.850000381469727 -4.891677034115244 -8.384501792590697 -10.559732500826232 -12.734875663904347
10.949999809265137 -4.628555627148888 -8.343206171744175 -10.516088813432543 -12.675862222178438
11.050000190734863 -4.510113886888007 -8.2983606765521 -10.41938305432057 -12.657190197118943
11.149999618530273 -3.6949333349277644 -8.306709115337533 -10.428221887715981 -12.62272276691844
11.25 -4.768694495048493 -8.402845501460103 -10.396036548323742 -12.597681268821752
11.350000381469727 -4.936678907174965 -8.358233476889481 -10.384265237258031 -12.57833285283288
11.449999809265137 -5.220479124612272 -8.43498360817075 -10.388908146213804 -12.540613574992399
11.550000190734863 -4.942067421449323 -8.344424561938542 -10.294489711642658 -12.519456733576789
11.649999618530273 -4.586749063065248 -8.198112623798686 -10.414950654706281 -12.491648983892098
11.75 -4.901030244480076 -8.313967391300906 -10.366378205286495 -12.457099799453406
11.850000381469727 -4.941222975165971 -8.202263073837024 -10.256334689719356 -12.45235041595135
11.949999809265137 -4.821589502153639 -8.355376137960867 -10.34992243191985 -12.402850088047387
12.050000190734863 -4.450406799873498 -8.402435432315983 -10.323395290262113 -12.386604915894573
12.149999618530273 -4.615481154331491 -8.237146130695699 -10.270793398889516 -12.364397106578462
12.25 -4.744245413329637 -8.301502759569544 -10.31841242023178 -12.328370136605365
12.350000381469727 -4.140072170424062 -8.172442315845316 -10.314628494107751 -12.312040848778945
12.449999809265137 -4.803165235860387 -8.184206123693219 -10.363343081132548 -12.294650044726986
12.550000190734863 -5.092036350082616 -8.134840323873402 -10.346623028015081 -12.259029569366348
12.649999618530273 -4.229000672132717 -8.2000773209304 -10.204369251453524 -12.246167268723706
12.75 -4.679572413362397 -8.26303450780329 -10.272778299697535 -12.229418801960428
12.850000381469727 -5.008793214458464 -8.237014726217627 -10.225771844030117 -12.194475814585221
12.949999809265137 -4.94362964162509 -8.140429614291627 -10.178218217359504 -12.188076611986045
13.050000190734863 -5.088803931132848 -8.2950566293744 -10.15137932870877 -12.153749423702763
13.149999618530273 -4.641288594501905 -8.281561093123614 -10.284272924589214 -12.143651341871223
13.25 -4.297510706205664 -8.157437067741625 -10.1770621731092 -12.11667932351854
13.350000381469727 -4.786432313757608 -8.230348136246342 -10.224819648677368 -12.100460453844804
13.449999809265137 -4.63408927248183 -7.95366147357117 -10.265397341544723 -12.076740706633135
13.550000190734863 -4.677567610368712 -8.141161130671605 -10.20148655310043 -12.057134485245019
13.649999618530273 -4.351748403080997 -8.164922329004227 -10.175295171939062 -12.023691335338125
13.75 -4.606620201447058 -8.168018309242875 -10.272462638467314 -12.026726555014395
13.850000381469727 -4.7083244316042325 -7.9989305435108236 -10.221330415562562 -11.999604597780134
13.949999809265137 -4.857153326442312 -8.282417696383948 -10.296790742296448 -11.976239024888685
14.050000190734863 -4.878947400900213 -8.172597798779783 -10.200067410549725 -11.96539358873321
14.149999618530273 -4.74080752348253 -8.30381626131729 -10.160027468609137 -11.952700033443204
14.25 -4.403565928272947 -7.9939203551653755 -10.157391236304683 -11.931209263659746
14.350000381469727 -4.381137224655781 -8.205530801913525 -10.143501012087043 -11.915528458311304
14.449999809265137 -4.8914347658592945 -8.281245261060096 -10.203653509359537 -11.897222701470778
14.550000190734863 -4.674519026649364 -8.074769113681224 -10.10989739062737 -11.8687183197783
14.649999618530273 -4.902858041395891 -8.153390793015468 -10.139033801848463 -11.84994895025569
14.75 -4.490485143490233 -8.062974599657064 -10.212731879106162 -11.844306130272582
14.850000381469727 -4.629031571374725 -8.224503176553146 -10.052533901544642 -11.810900348675801
14.949999809265137 -4.309122881522889 -7.99632311924978 -10.178752059642946 -11.814808778556564
15.050000190734863 -5.207786853914133 -8.09474556614812 -10.128689437023112 -11.776240308600784
15.149999618530273 -4.128653685537344 -8.065910979299755 -10.185035474038354 -11.761452702553559
15.25 -4.8544104588759645 -8.15218381415584 -10.134463652318363 -11.748947117029562
15.350000381469727 -4.483078909711963 -8.101956969747139 -10.139874737540659 -11.736338465766863
15.449999809265137 -4.946099987589861 -8.119349993041237 -10.146320283042986 -11.708174529941676
15.550000190734863 -4.816713259981327 -8.148844703779602 -10.099430491878802 -11.698613491743846
15.649999618530273 -3.6959632800136752 -8.076237523145423 -10.086424147541258 -11.679308747282086
15.75 -4.999934649519009 -8.076239307179428 -10.058105157852332 -11.666123663777288
15.850000381469727 -5.058863870582041 -8.002841107516783 -10.066360308811891 -11.660420574663679
15.949999809265137 -4.673851649526888 -8.107680228594905 -10.065271593781027 -11.642157467486122
16.049999237060547 -4.571320685818556 -7.946788510102046 -10.067661309984391 -11.620606283227978
16.149999618530273 -4.576895459653834 -8.009695965119718 -10.056163797068173 -11.61104660039182
16.25 -4.680708603512592 -8.094256641241003 -10.135741684353874 -11.587564291755054
16.350000381469727 -4.778298534432665 -7.983996161504223 -10.034930535356711 -11.576254379818774
