Models/Kasen_0.03_0.2_1e-9.0.dat
# %ECSV 0.9
# ---
# datatype:
# - name: time
#   datatype: float64
# - name: sdss_g
#   datatype: float64
# - name: sdss_r
#   datatype: float64
# - name: sdss_i
#   datatype: float64
# - name: Clear
#   datatype: float64
# meta: !!omap
# - comment:
#   - type = Kasen
#   - mass = 0.03
#   - velocity = 0.2
#   - Xlan = 1e-9.0
# schema: astropy-2.0
time sdss_g sdss_r sdss_i Clear
[from data line 182]
16.25 -10.625862960098267 -11.298077945294526 -10.081749069015558 -10.499525278635648
16.350000381469727 -10.577717457776483 -11.264748103953906 -10.091889531788198 -10.468930319246557
16.450000762939453 -10.58618500767287 -11.243100049789547 -10.053886241116938 -10.455946810986582
16.549999237060547 -10.592173874068894 -11.216338465568196 -10.01274861375823 -10.442118826627564
16.649999618530273 -10.406195859390692 -10.963806367781405 -9.745600497477653 -10.219223095089042
16.75 -10.11211116009548 -10.492843696744629 -9.28395018743711 -9.838108618763194
16.850000381469727 -9.780964276357125 -10.12678464338346 -8.696269971896236 -9.464799832799653
16.950000762939453 -9.459421067919028 -9.63091857855947 -7.9085825668528 -9.056919767443048
17.049999237060547 -9.05704581521966 -9.143106659802193 -7.262986534071079 -8.629280408504286
17.149999618530273 -8.717589091459942 -8.414280361871466 -6.560953983792821 -8.131830736931072
17.25 -8.245473578776252 -7.613742643957359 -5.6927811525649155 -7.599545202875973
17.350000381469727 -7.724877246310989 -6.776130808743623 -4.161762699677393 -7.028516726643549
17.450000762939453 -7.280709957406078 -5.722889216330497 -3.6324688343460885 -6.543696493670062
17.549999237060547 -6.893055238797835 -4.847110109992247 -3.7449617139309908 -6.149951790069018
17.649999618530273 -6.583706939312144 -4.7320234620449 -2.428794748656088 -5.864981489862192
17.75 -6.296505046087823 -3.109046422150225 5.899027598588329 -5.48590883044379
17.850000381469727 -5.882505751729511 -3.2862513559537696 -1.822399203017424 -5.158196577599707
17.950000762939453 -5.607744410515593 -3.3223514476876197 5.963513512293227 -4.946977695721827
18.049999237060547 -5.2164141890539995 -3.336097217954265 3.989487204774564 -4.607844325560318
18.149999618530273 -5.043211034966628 -2.7848227942613164 nan -4.3754668902077505
18.25 -4.72390336240661 -0.9280284868543287 nan -4.040431743173993
18.350000381469727 -4.486953462885857 -1.8915380993807176 nan -3.885505165449242
18.450000762939453 -4.410361559396037 nan nan -3.699707349681823
18.549999237060547 -4.084155572624137 4.399435841670911 -1.5650324326980165 -3.579844221636826
18.649999618530273 -3.9267875812797115 nan nan -3.382473148623763
18.75 -3.018541261148062 nan nan -2.889088106449943
18.850000381469727 -3.4721850750904437 -0.511626045425098 nan -2.862601073051742
18.950000762939453 -3.40513066899522 -0.7735039860056663 nan -2.843867170406135
19.049999237060547 -2.9192539486606783 nan nan -2.413950613928524
19.149999618530273 -2.5110595236104807 nan nan -2.2127850724640936
19.25 -2.935184416770344 nan nan -2.345201785899821
19.350000381469727 -2.005003443114621 nan nan -1.9690098012294968
19.450000762939453 -2.419026755964218 nan nan -2.059247276815398
19.549999237060547 -2.6444954613064056 nan nan -1.8898808491810115
19.649999618530273 -2.270936688612526 nan nan -1.6560402224695885
19.75 0.04684139479408955 nan nan -1.040081782628139
19.850000381469727 -1.164731162440928 nan nan -1.3618889610334826
19.950000762939453 -1.4200026502880672 nan nan -1.4987509453478367
20.049999237060547 2.5709710393324574 nan nan -0.36512408293875254
20.149999618530273 -1.6317769167198186 nan nan -1.2140849217061316
20.25 -0.42259010911216954 nan nan -0.8937165709149753
20.350000381469727 -1.220889404500948 nan nan -0.812346200996199
20.450000762939453 -0.5001424557087972 nan nan 0.12569822014315335
20.549999237060547 0.197400888298926 nan nan -0.40440537395156895
20.649999618530273 -1.0106014939063215 nan nan -0.516484375229755
20.75 -0.10313262536899082 nan nan -0.1840013647733052
20.850000381469727 0.389446148084474 nan nan -0.22403017322937302
20.950000762939453 0.012493292836984082 -0.9376093039062017 nan -0.6034700682501928
21.049999237060547 0.2173712276224542 nan nan 0.5863673890613832
21.149999618530273 0.846617035238264 nan nan 0.4705183520568461
21.25 -0.1954237204287974 nan nan -0.1389297296651506
21.350000381469727 0.5292994957235688 nan nan 0.05689834370897984
21.450000762939453 0.11103438938315158 nan nan 0.6026974277524211
21.549999237060547 nan nan nan 0.9958690262946703
21.649999618530273 6.2151969296225005 nan nan 1.4998227405331868
21.75 1.7183273318511674 nan nan 0.6086536227042529
21.850000381469727 nan nan nan 1.3641991513992906
21.950000762939453 0.16700146673185046 nan nan 0.7258070509365737
22.049999237060547 2.280265284939947 nan nan 1.1908037534355262
22.149999618530273 3.338712323926666 nan nan 2.2588676513311636
22.25 1.5682188171738378 nan nan 1.5501262728296545
22.350000381469727 4.093232148290145 nan nan 1.000574579379343
22.450000762939453 0.32953181537784637 nan nan 0.48190961483773975
22.549999237060547 2.3059934059417255 nan nan 1.8683696594681152
22.649999618530273 nan nan nan 3.079362275969899
22.75 0.1414859209649837 nan nan 0.49941406682627587
22.850000381469727 0.6882318048822675 nan nan 1.8688099036885468
22.950000762939453 8.33288954228317 nan nan 1.8989080116954877
23.049999237060547 3.436521064649348 nan nan 2.3566763920538456
23.149999618530273 nan nan nan 3.100506139710408
23.25 nan nan nan 2.628420489600753
23.350000381469727 nan nan nan 2.171393651371737
23.450000762939453 2.201506651276153 nan nan 2.2935730068018394
23.549999237060547 nan nan nan 2.972439149941227
23.649999618530273 4.372595123136195 nan nan 2.479048293375829
23.75 nan nan nan 2.599472654160696
23.850000381469727 nan nan nan 2.240253227710646
23.950000762939453 2.9341873975325434 nan nan 1.213582337514893
24.049999237060547 nan nan nan 2.6097502414809526
24.149999618530273 nan nan nan nan
24.25 nan nan nan 2.6813575016653015
24.350000381469727 2.7405347202588324 nan nan 2.4160330962329937
24.450000762939453 4.089202656360801 nan nan 1.613979205765606
24.549999237060547 nan nan nan nan
24.649999618530273 nan nan nan nan
24.75 nan nan nan 2.9493480536597794
24.850000381469727 nan nan nan nan
24.950000762939453 nan nan nan 2.064579502581651
