Models/Kasen_0.04_0.2_1e-2.0.dat
# %ECSV 0.9
# ---
# datatype:
# - name: time
#   datatype: float64
# - name: sdss_g
#   datatype: float64
# - name: sdss_r
#   datatype: float64
# - name: sdss_i
#   datatype: float64
# - name: Clear
#   datatype: float64
# meta: !!omap
# - comment:
#   - type = Kasen
#   - mass = 0.04
#   - velocity = 0.2
#   - Xlan = 1e-2.0
# schema: astropy-2.0
time sdss_g sdss_r sdss_i Clear
[from data line 185]
16.549999237060547 -6.154080967905962 -7.652058675748528 -8.61818780744061 -10.692411815006224
16.649999618530273 -5.689676440851173 -7.530803814073344 -8.295283386541964 -10.345001157296064
16.75 -5.114619353274836 -7.060256715420405 -7.907327176194066 -9.97511244659104
16.850000381469727 -4.99284318396408 -6.72900497587834 -7.220530211252832 -9.599908523747857
16.950000762939453 -4.938723814874564 -6.345284246827248 -6.884925625153176 -9.143484682629502
17.049999237060547 -4.959738549259214 -5.885464146886125 -6.101670415830217 -8.634142629415045
17.149999618530273 -4.151273637398184 -5.394973305198132 -5.777754780499844 -8.148510613701418
17.25 -4.209523177874047 -5.422228049320907 -5.509959396502666 -7.6722311975455355
17.350000381469727 -4.284737255585451 -5.243347933352894 -5.079115992358435 -7.130391186380027
17.450000762939453 -3.6608743525502234 -5.211531683965237 -4.956662914762454 -6.868300499483357
17.549999237060547 -3.5269265823286595 -5.106524978168746 -4.763786044453276 -6.616984101489628
17.649999618530273 -3.095608745910834 -5.275937644981038 -4.297378249027787 -6.448489905988708
17.75 -1.5284449891687117 -4.577050794219883 -3.9911704370781216 -6.254341973856345
17.850000381469727 -2.5030391673519397 -4.591125571573819 -4.231747403678202 -5.856181591981336
17.950000762939453 -2.204586528180357 -4.282133027559723 -3.5346873679639224 -5.690464203828057
18.049999237060547 -1.4972280231369108 -4.572072938917842 -3.6450863961107665 -5.673214780664182
18.149999618530273 -1.9479795096999304 -4.112561537385908 -1.951422224133065 -5.36507047563946
18.25 -1.5684272957385854 -3.624907298082782 -2.97281458806059 -5.192603178759342
18.350000381469727 4.988854903465381 -3.2654330212745677 -2.89299338074731 -5.062693680847868
18.450000762939453 -0.9386725849355511 -3.679962664084627 -0.08599725122495805 -5.160652652263497
18.549999237060547 -0.681216736086105 -2.797002095827974 -2.271042091177872 -4.911533546031592
18.649999618530273 -1.4338287934574563 -1.501396208510437 -2.2063035808158578 -4.688697884699284
18.75 nan -1.301662107996247 nan -4.583698301637597
18.850000381469727 nan -1.6244420832788364 4.472232107318931 -4.438750273643667
18.950000762939453 -0.6717632564909888 -1.3990502356869339 6.1805903851941135 -4.292869605849752
19.049999237060547 nan nan nan -4.303940611189809
19.149999618530273 nan nan nan -4.250328233619442
19.25 nan nan nan -3.9743774200554043
19.350000381469727 nan nan nan -3.6175163520271028
19.450000762939453 nan nan nan -3.2426759361773883
19.549999237060547 nan nan nan -3.4544466185448606
19.649999618530273 nan nan nan -3.6538120780973493
19.75 nan nan nan -3.5212755667054267
19.850000381469727 nan nan nan -3.373126102145978
19.950000762939453 nan nan nan -2.7461807268799383
20.049999237060547 nan nan nan -3.3226548995605114
20.149999618530273 nan nan nan -3.0212261071198405
20.25 nan nan nan -2.6898208470087788
20.350000381469727 nan nan nan -2.50084957312977
20.450000762939453 nan nan nan -2.4764888913878096
20.549999237060547 nan nan nan -2.7029644392130834
20.649999618530273 nan nan nan -1.9294158565373785
20.75 nan nan nan -2.2886006177306406
20.850000381469727 nan nan nan -1.3676238362215507
20.950000762939453 nan nan nan -1.8553295519202564
21.049999237060547 nan nan nan -2.1607268881043638
21.149999618530273 nan nan nan -1.0180737967219926
21.25 nan nan nan -1.6920127155144726
21.350000381469727 nan nan nan -2.2277743882576146
21.450000762939453 nan nan nan -0.9267208761086998
21.549999237060547 nan nan nan -1.2748008839282932
21.649999618530273 nan nan nan -1.9965358462915432
21.75 nan nan nan -1.8002509257444004
21.850000381469727 nan nan nan 0.3773892230773441
21.950000762939453 nan nan nan -1.572776010598968
22.049999237060547 nan nan nan -1.489960932118752
22.149999618530273 nan nan nan -0.6364485921427772
22.25 nan nan nan -1.5932408350065899
22.350000381469727 nan nan nan 0.2922592610010639
22.450000762939453 nan nan nan -0.34500187606484545
22.549999237060547 nan nan nan -0.9919726521792178
22.649999618530273 nan nan nan -0.15348568057952505
22.75 nan nan nan 0.20784361390860795
22.850000381469727 nan nan nan 0.16855986574279314
22.950000762939453 nan nan nan -0.10174623584010689
23.049999237060547 nan nan nan nan
23.149999618530273 nan nan nan nan
23.25 nan nan nan 0.7893535265485525
23.350000381469727 nan nan nan -0.4781080778016715
23.450000762939453 nan nan nan nan
23.549999237060547 nan nan nan nan
23.649999618530273 nan nan nan 0.3212598135125333
23.75 nan nan nan nan
23.850000381469727 nan nan nan nan
23.950000762939453 nan nan nan -0.7065043865347427
24.049999237060547 nan nan nan nan
24.149999618530273 nan nan nan nan
24.25 nan nan nan nan
24.350000381469727 nan nan nan 0.2687911264480647
24.450000762939453 nan nan nan -1.0979853149435854
24.549999237060547 nan nan nan nan
24.649999618530273 nan nan nan nan
24.75 nan nan nan nan
24.850000381469727 nan nan nan nan
24.950000762939453 nan nan nan nan
