Models/Kasen_0.04_0.15_1e-2.0.dat
# %ECSV 0.9
# ---
# datatype:
# - name: time
#   datatype: float64
# - name: sdss_g
#   datatype: float64
# - name: sdss_r
#   datatype: float64
# - name: sdss_i
#   datatype: float64
# - name: Clear
#   datatype: float64
# meta: !!omap
# - comment:
#   - type = Kasen
#   - mass = 0.04
#   - velocity = 0.15
#   - Xlan = 1e-2.0
# schema: astropy-2.0
time sdss_g sdss_r sdss_i Clear
[from data line 184]
16.450000762939453 -5.863471720104442 -8.184366200822105 -9.784731250163784 -11.437133725590122
16.549999237060547 -5.841748700609276 -8.085078002101092 -9.758641210684374 -11.427478503684565
16.649999618530273 -5.7294975777338735 -8.181525064487662 -9.740556494427032 -11.383396604654525
16.75 -5.715965248218687 -8.09050689454222 -9.792363216144267 -11.397638434934525
16.850000381469727 -5.672154316370126 -8.234915739539638 -9.738045995306859 -11.36810582392421
16.950000762939453 -5.514286854906995 -8.161181469680773 -9.692153292556718 -11.370162208314554
17.049999237060547 -5.802398164884721 -8.03888987851143 -9.653609350105285 -11.357416852730069
17.149999618530273 -5.845289543242313 -8.020029733634004 -9.627225836385524 -11.33435200971607
17.25 -5.685863898130616 -8.138762970928617 -9.658527139230554 -11.32610946413459
17.350000381469727 -5.855688810358846 -7.994017722473078 -9.58914466387942 -11.310365020215976
17.450000762939453 -5.865437018063098 -8.048528315528902 -9.560478682894228 -11.289608013638507
17.549999237060547 -5.773922397242 -7.963433258978764 -9.567368108619721 -11.278415877173359
17.649999618530273 -5.60524069404061 -7.979243792879849 -9.52876648669384 -11.279731244099604
17.75 -5.6125438634744285 -8.022293351850387 -9.482897248809472 -11.25715992173329
17.850000381469727 -5.775354207527386 -8.035818858824726 -9.490212669212632 -11.24126883899498
17.950000762939453 -5.601227659487478 -7.960238462954681 -9.460455681710268 -11.241689924151117
18.049999237060547 -5.498382735851727 -7.879361340325175 -9.367564958161445 -11.223616652665918
18.149999618530273 -5.588052210694407 -7.995294305689857 -9.433781246919661 -11.203479681858042
18.25 -5.674726711308772 -7.969530129094988 -9.455301171557341 -11.197081346332908
18.350000381469727 -5.669905834384828 -7.95426630883572 -9.413716297338354 -11.171115732978993
18.450000762939453 -5.678190325651965 -7.925383558569727 -9.360992646331763 -11.17434622298013
18.549999237060547 -5.704529040416936 -7.9591122777515615 -9.360424985708132 -11.16848307960868
18.649999618530273 -5.61736970465352 -7.982705893546772 -9.356530294824701 -11.147494315099806
18.75 -5.631945598572564 -7.985615367311425 -9.281099956712676 -11.11884076368046
18.850000381469727 -5.609034372937188 -7.777427509097571 -9.28235670948025 -11.10781302894993
18.950000762939453 -5.423990314970851 -7.78167459688224 -9.302397746383804 -11.127269389264967
19.049999237060547 -5.699002793535868 -7.829823953964489 -9.26047802165574 -11.092235546097672
19.149999618530273 -5.56120719206449 -7.858900130207928 -9.247317145564669 -11.079799283200412
19.25 -5.913934808642214 -7.804420026967353 -9.184592656342435 -11.100225343564958
19.350000381469727 -5.796218487318317 -7.8332359528510445 -9.169662812711596 -11.064423380129426
19.450000762939453 -5.868760891366456 -7.900542391817215 -9.102189847930315 -11.031487816669095
19.549999237060547 -5.711249981007239 -7.722816206945236 -9.090276134283044 -11.044524675325373
19.649999618530273 -5.666204062631763 -7.704392657302115 -9.10417671697352 -11.01719990843399
19.75 -5.831108056184334 -7.864410972234747 -9.115920554070918 -11.036463772545115
19.850000381469727 -5.901533931980886 -7.816688310548965 -9.056853866222546 -11.003356336256246
19.950000762939453 -5.746116565545432 -7.723693490654881 -9.047256996680563 -10.99104309195291
20.049999237060547 -5.51149997385642 -7.744493164296202 -9.014881983317302 -10.982535049740832
20.149999618530273 -5.7272059783015905 -7.689358034231155 -8.986558375085863 -10.976671239896746
20.25 -5.535971176458752 -7.7500986860370915 -8.954344302233448 -10.97891197580001
20.350000381469727 -5.572614189971638 -7.753561698449943 -8.900105133749744 -10.945650853908482
20.450000762939453 -5.47158290576612 -7.350658512646067 -8.601321829503181 -10.658989399929183
20.549999237060547 -5.101849583779625 -7.387328052878061 -8.214403338803319 -10.397144415724053
20.649999618530273 -4.932043096120616 -7.013495123062405 -7.92743895826024 -10.060046372883868
20.75 -4.864498263113351 -6.847627205058863 -7.424470138038352 -9.749825866337687
20.850000381469727 -4.578212039382777 -6.291734522474371 -6.881784467623653 -9.382463022975713
20.950000762939453 -4.555202969967006 -6.1665266117499264 -6.321889354987171 -8.971559024867851
21.049999237060547 -4.317097769367532 -5.587348365817938 -5.498957235765495 -8.55239179386622
21.149999618530273 -4.184568605272585 -4.647168036519361 -5.446417333449819 -8.105488856711869
21.25 -3.741915534774467 -4.699231015877345 -4.868008386047432 -7.703049663867823
21.350000381469727 -3.266186193243385 -4.952994829999515 -4.523679490030702 -7.276707274815223
21.450000762939453 -3.4436572449116554 -4.519418118411359 -4.634731089260157 -6.721526710178406
21.549999237060547 -3.479843021226383 -4.786804233554278 -3.8969716741280642 -6.532077557671137
21.649999618530273 -2.41223309897973 -4.2233944646927775 -3.760400579764813 -6.220619355128882
21.75 -2.780070775847374 -3.8799123969336335 -4.584710869908179 -6.1404594439284175
21.850000381469727 -2.5591952975562933 -4.630489293548685 -4.05946307174386 -5.801602593677458
21.950000762939453 -2.0455195904869115 -4.627428381041007 -3.214204156563575 -5.5675806561002545
22.049999237060547 -2.147539606471547 -4.524745899357214 -4.0248065685935615 -5.373769087167123
22.149999618530273 2.148985638411874 -4.0347863992514945 -2.8200173426692423 -5.0666689044632385
22.25 3.8766814041376243 -4.117875892722669 -3.082838717026572 -5.1346301141019595
22.350000381469727 -1.6577881608096305 -3.206601775998312 -3.214428467166112 -4.8609368143269265
22.450000762939453 -0.753241755384856 -2.5743073296950563 -1.9594352640979231 -4.953984433531904
22.549999237060547 -0.6942019435128906 -2.557658284437199 -3.2450853971809046 -4.899309663344248
22.649999618530273 5.99417853015645 -3.2142548164267915 2.46296128352043 -4.661767278946243
22.75 nan -1.3792226662413327 nan -4.285923490727058
22.850000381469727 0.8255809659474842 -2.1960384799421035 -2.3802153948179345 -4.19798145105505
22.950000762939453 8.43320026113945 -2.062199917183481 7.598800018901776 -4.207465750231282
23.049999237060547 nan -1.1450903401910395 nan -4.35337685597808
23.149999618530273 1.3726075831248181 -2.4452929579768465 3.829920003591095 -3.760599476290743
23.25 nan nan nan -4.155650280005503
23.350000381469727 -0.4490804763249159 nan -1.40233609991866 -3.7227614184545033
23.450000762939453 5.184567076433424 -0.4368793104899815 nan -3.536143458611427
23.549999237060547 nan nan nan -3.836909480547007
23.649999618530273 nan nan nan -3.559274083025578
23.75 nan nan nan -3.1245751609574235
23.850000381469727 nan nan nan -2.7387411419546766
23.950000762939453 nan nan nan -3.2005927060726904
24.049999237060547 nan nan nan -3.079281580235424
24.149999618530273 nan nan nan -1.9016477888239542
24.25 nan nan nan -2.1317024190695015
24.350000381469727 nan nan nan -2.490392896249098
24.450000762939453 nan nan nan -2.863024480921247
24.549999237060547 nan nan nan -2.511988570227217
24.649999618530273 nan nan nan -2.1329245072907668
24.75 nan nan nan -1.6422194972558124
24.850000381469727 nan nan nan -2.25265561477595
24.950000762939453 nan nan nan -0.8480945368963333
