Models/Kasen_0.04_0.1_1e-1.0.dat
# %ECSV 0.9
# ---
# datatype:
# - name: time
#   datatype: float64
# - name: sdss_g
#   datatype: float64
# - name: sdss_r
#   datatype: float64
# - name: sdss_i
#   datatype: float64
# - name: Clear
#   datatype: float64
# meta: !!omap
# - comment:
#   - type = Kasen
#   - mass = 0.04
#   - velocity = 0.1
#   - Xlan = 1e-1.0
# schema: astropy-2.0
time sdss_g sdss_r sdss_i Clear
-1.9500000476837158 nan nan nan nan
-1.850000023841858 nan nan nan nan
-1.75 nan nan nan nan
-1.649999976158142 nan nan nan nan
-1.5499999523162842 nan nan nan nan
-1.4500000476837158 nan nan nan nan
-1.350000023841858 nan nan nan nan
-1.25 nan nan nan nan
-1.149999976158142 nan nan nan nan
-1.0499999523162842 nan nan nan nan
-0.949999988079071 nan nan nan nan
-0.8500000238418579 nan nan nan nan
-0.75 nan nan nan nan
-0.6499999761581421 nan nan nan nan
-0.550000011920929 nan nan nan nan
-0.44999998807907104 nan nan nan nan
-0.3499999940395355 nan nan nan nan
-0.25 nan nan nan nan
-0.15000000596046448 nan nan nan nan
-0.05000000074505806 nan nan nan nan
0.05000000074505806 nan nan nan nan
0.15000000596046448 nan nan nan nan
0.25 nan nan nan nan
0.3499999940395355 nan nan nan -3.908618374052793
0.44999998807907104 -9.289568875816691 -9.713352704023862 -9.637699183456224 -10.130371645293927
0.550000011920929 -8.487571269365453 -9.83087286340271 -10.305396597106672 -10.96900847755834
0.6499999761581421 -6.861168244367839 -9.093913011820941 -10.286398173546374 -11.60447320210853
0.75 -5.983486519856882 -8.900800684601023 -10.215532716963573 -11.884073786874875
0.8500000238418579 -6.661039188977188 -8.795587746736558 -10.304280768595063 -12.119975973410263
0.949999988079071 -4.799158413074025 -9.09546036171323 -10.425640705400788 -12.302550711894504
1.0499999523162842 -6.078621902108122 -8.984824551539973 -10.342250879731978 -12.437070084235817
1.149999976158142 -6.377675775707132 -9.05153860639006 -10.470114007869881 -12.580003647956879
1.25 -5.082518842317999 -8.890783765587635 -10.553278886477532 -12.667249399318546
1.350000023841858 -5.957937256050251 -8.86056523138977 -10.455252753906525 -12.764532429120813
1.4500000476837158 -5.037156977622047 -8.67803310607389 -10.639653628426608 -12.843763605921321
1.5499999523162842 -5.507286816412094 -9.03001591208173 -10.579870169213397 -12.920479528646407
1.649999976158142 -5.643071601975571 -8.891353993796429 -10.60357209082861 -13.010012014185588
1.75 -5.261336050314796 -8.594471478761022 -10.591675736248533 -13.049101667340445
1.850000023841858 -3.376003354840069 -8.73118701741075 -10.562515384420873 -13.118866369890782
1.9500000476837158 -2.1016463654968156 -8.428752506260892 -10.513151192535958 -13.168149218975373
2.049999952316284 -5.729173225527806 -9.034453683067689 -10.492447287603145 -13.242539493431856
2.1500000953674316 -5.06160228449842 -8.260472016953745 -10.483008920235612 -13.259664804833942
2.25 -5.061022916341454 -8.680535994637737 -10.428448921454674 -13.324247120848419
2.3499999046325684 -4.802364533233131 -8.654542023667474 -10.572859112942833 -13.348897175030611
2.450000047683716 -5.2033202557062985 -8.728038740550417 -10.623030860669381 -13.38942550975884
2.549999952316284 -5.162538569402884 -8.392166752339254 -10.520554163804778 -13.435311059434884
2.6500000953674316 -3.798691942700991 -8.21005006552831 -10.550474500093546 -13.429699012017963
2.75 -3.1229521134802525 -8.338115337231972 -10.488428679938444 -13.486963286288521
2.8499999046325684 -5.167706446272675 -8.275068270453911 -10.480640164698066 -13.503451637775665
2.950000047683716 -5.236762548297495 -8.229781911491546 -10.561580889407018 -13.505353388601772
3.049999952316284 -4.34379013201697 -8.308239444785144 -10.451226227823408 -13.563862468796735
3.1500000953674316 -4.845829683856358 -8.274598270178625 -10.53626714154731 -13.580077600305152
3.25 -0.2902782422096646 -8.244814579450036 -10.415575681227356 -13.557201368311588
3.3499999046325684 -4.938352723954676 -8.426972079151998 -10.481270669225829 -13.601921213174187
3.450000047683716 -3.613138534745694 -8.126507993485042 -10.488570982852998 -13.649198436472819
3.549999952316284 -4.351574804496547 -7.756018799841733 -10.37985961973152 -13.61871599934156
3.6500000953674316 -5.117341262731458 -8.11792419854094 -10.246754445198153 -13.630810782770887
3.75 -1.2797352916214262 -7.927887192206136 -10.350567607851406 -13.674942072821509
3.8499999046325684 -4.262477883639612 -7.966440472223368 -10.184992197018737 -13.663131480169437
3.950000047683716 -4.119289361030162 -8.248071486653739 -10.265113256754127 -13.656923249728617
4.050000190734863 -0.30197469333440985 -7.861214183120985 -10.336951378297599 -13.685464587404322
4.150000095367432 -4.502585086983231 -7.80251092081166 -10.191467985812416 -13.714286976246921
4.25 -4.456805173246195 -8.027281648469383 -10.36210332155251 -13.710475251060373
4.349999904632568 -5.510095522223935 -8.170759793794819 -10.064519426246981 -13.7092229392928
4.449999809265137 -3.7150155642765625 -7.8720469186369115 -10.222761256238812 -13.721127226657849
4.550000190734863 -4.115686845087293 -8.043661549205552 -10.067856727919562 -13.75291783179911
4.650000095367432 -3.499106040120516 -7.929860098215055 -10.040589284301266 -13.7650864654136
4.75 -4.732416183817406 -7.550578381177612 -10.184652104033706 -13.760734884103247
4.849999904632568 -3.813110654789277 -7.7477212859696465 -10.161237606296666 -13.75654941569616
4.949999809265137 -5.167015436378183 -7.912448099459841 -10.083425722904877 -13.778251076297423
5.050000190734863 -5.201973874578005 -7.383204470276375 -10.081777003856075 -13.793471133330769
5.150000095367432 -3.496388423075448 -7.795621659329193 -10.039788986852042 -13.814310438994958
5.25 -0.054546854985614956 -7.817236209448183 -10.148085135915565 -13.795204758525308
5.349999904632568 -1.9584761849517918 -7.811581793912612 -10.0843856200602 -13.800951153811116
5.449999809265137 -4.6290014002949285 -7.8360368185485925 -10.083306916861616 -13.811514245362375
5.550000190734863 -0.8066797695515895 -7.857196213333552 -10.065209642748307 -13.834855871419922
5.650000095367432 -4.250252143410208 -7.38090670538789 -10.025903775289208 -13.853260242087018
5.75 -3.792836731916818 -7.843860516849581 -9.930156222911108 -13.854036538177915
5.849999904632568 -4.245270334193691 -7.807773078364242 -9.863119315196855 -13.838467821938572
5.949999809265137 -5.15917471935736 -7.51365028017927 -10.076175712321973 -13.855578518220582
6.050000190734863 -4.513433637429209 -7.816970006706953 -9.854456202810127 -13.867474927123467
6.150000095367432 -4.370748376973786 -7.334218030678009 -9.99653912289256 -13.896404449100782
6.25 2.853652630970794 -7.311106319691916 -9.920509596732376 -13.904736338808036
6.349999904632568 -4.971083881542729 -7.190261434067274 -9.951399198218876 -13.877911999597998
6.449999809265137 -4.543805595459819 -7.954948111873438 -9.823244344818114 -13.88232045387306
6.550000190734863 -3.3435220001536123 -7.988803773534709 -9.924219184254959 -13.889864307030066
6.650000095367432 -3.7742867985493547 -7.759509084411626 -9.965675883029515 -13.896469929403018
6.75 -4.506836555539962 -7.9529513522589 -10.050036922294222 -13.921489708797665
6.849999904632568 4.19480694192406 -7.261188585895326 -9.745823428876768 -13.932257129612108
6.949999809265137 nan -7.884085686251762 -9.854441833145199 -13.928710107436515
7.050000190734863 -0.8433501758486379 -7.6683672646781424 -9.984727401620724 -13.912727262395276
7.150000095367432 2.0543113881479282 -7.952170020203571 -9.946501085416411 -13.909235388636727
7.25 -4.320236824246379 -7.744832269215792 -10.007798448858164 -13.91958595340904
7.349999904632568 -3.5974432146314506 -7.522908384565227 -9.99218820718109 -13.928520534155076
7.449999809265137 -4.418896970212987 -7.479962603008563 -9.85555820604164 -13.934131740271553
7.550000190734863 -4.7318943522970045 -7.4389980342326965 -9.880978469143873 -13.94468404900287
7.650000095367432 -3.9406575755057993 -7.284402496055339 -9.8171291022698 -13.938468910232821
7.75 -4.903066186265782 -7.842009142663478 -9.960314322044223 -13.924785335261781
7.849999904632568 -2.241108049025364 -7.518437175132096 -9.838633509646158 -13.918709710526162
7.949999809265137 -3.536518048215491 -7.603012692816087 -9.73537334881929 -13.906693530063926
8.050000190734863 2.3035629733593 -7.575916147457036 -9.782570811836177 -13.914924162175893
8.149999618530273 -4.2138763085251405 -7.668544511653302 -9.765980465976895 -13.91323352043381
8.25 -3.589041739287545 -7.447161469921316 -9.835439608529569 -13.918082099325485
8.350000381469727 -4.565832754547856 -7.4304627717690614 -9.789385189846811 -13.92886524101495
8.449999809265137 -5.038224517869555 -7.370014795192041 -9.780557796520807 -13.925192177544805
8.550000190734863 -3.3138415396753658 -7.33269061502358 -9.75393018891915 -13.911769141269286
8.649999618530273 -4.21045143182851 -7.474464086447718 -9.746029287295833 -13.892178195388954
8.75 -4.239461984511845 -6.929092028313335 -9.866869246150006 -13.89021173137963
8.850000381469727 -2.6285501320553806 -7.409121922137313 -9.812767165885749 -13.877149351220122
8.949999809265137 -3.314113071381911 -7.565063894560666 -9.813384812881413 -13.872343579813098
9.050000190734863 -4.786591948128095 -7.442589777643228 -9.77573350218783 -13.876446240415653
9.149999618530273 -3.313793408879082 -7.469875026989207 -9.75500649110231 -13.87075068551285
9.25 -4.4961046285589035 -7.386629845797195 -9.706934433879582 -13.868127860857278
9.350000381469727 -3.7241726341210466 -7.502177989661288 -9.768781882342807 -13.859139149942578
9.449999809265137 -3.932159251408528 -7.149388565039153 -9.720330036105047 -13.842015581836229
9.550000190734863 -4.758672810602214 -7.386181349466916 -9.69413209507923 -13.841048093123877
9.649999618530273 -3.468285833196063 -7.882472380833718 -9.431605536756166 -13.821905402218839
9.75 -4.04425072090369 -7.710696190833751 -9.773677669340106 -13.811841636636252
9.850000381469727 -3.745676067634367 -7.460906620961406 -9.818087854742053 -13.809807258414619
9.949999809265137 -4.391070219848238 -7.666458830617003 -9.74857874033518 -13.786443503373725
10.050000190734863 -4.7023611186034415 -7.190575818262587 -9.678409443753637 -13.7765949523736
10.149999618530273 -3.506111073931578 -7.619830808957577 -9.808307191194572 -13.778111237137214
10.25 -3.628260278022534 -7.561242926091477 -9.582515806562387 -13.75428048528557
10.350000381469727 -2.263125533601645 -7.570654523000446 -9.57455267206685 -13.743618848141704
10.449999809265137 -4.03288206277918 -7.1090570469496726 -9.693396516024706 -13.720290638656191
10.550000190734863 -4.017077180934265 -7.506543714149089 -9.673685368947893 -13.721416151651496
10.649999618530273 -3.77078639723943 -7.368579164769372 -9.712080709391358 -13.715066311696077
10.75 -4.497407184009862 -7.5184342886868905 -9.7083273248561 -13.689267637566982
10.850000381469727 -4.406139382434667 -7.240285652358054 -9.706066900232521 -13.663072614840992
10.949999809265137 -2.936648234819369 -7.521448256113061 -9.719574523997782 -13.654980999626154
11.050000190734863 -4.446850576129286 -7.382525255552363 -9.643198315936502 -13.631288379315748
11.149999618530273 -2.9714591811435866 -7.1494118974808565 -9.681629426977736 -13.616894288252922
11.25 -4.4954907522859635 -7.3407752368678985 -9.72089035566313 -13.590586637273173
11.350000381469727 -4.500461056290977 -7.601479613092479 -9.66797679623096 -13.581214978026775
11.449999809265137 -3.7197807055965413 -6.997763568802661 -9.56595792646899 -13.572986695675453
11.550000190734863 -3.8836937118118016 -7.498413871553897 -9.491624558357138 -13.561428308341895
11.649999618530273 -4.2226825453236145 -7.619733299563574 -9.625599953146544 -13.537443914611782
11.75 -3.184784627778644 -7.244566973617957 -9.603622702611418 -13.51377424425948
11.850000381469727 -4.2370945061967085 -7.404468603947183 -9.736155889849037 -13.484161022940857
11.949999809265137 -3.090914454192969 -7.397635615738373 -9.675316507054227 -13.46745229449062
12.050000190734863 -2.625147235869978 -7.261761539916108 -9.594317782407074 -13.436486408251533
12.149999618530273 -3.5396605067159115 -7.37889062303535 -9.561511573566591 -13.411594302645348
12.25 -4.382147985101259 -7.530582073606052 -9.585301266566635 -13.382334857206708
12.350000381469727 -3.5705871897824366 -7.52331593968885 -9.70343033801123 -13.357798827880504
12.449999809265137 -3.3329187444048145 -7.447352677506956 -9.691748440102526 -13.342475312007
12.550000190734863 -2.533011522942548 -7.380104512031938 -9.650316257317279 -13.325883766529351
12.649999618530273 -2.588074689735567 -7.401274857902987 -9.651600910775269 -13.292028225648199
12.75 -4.377822872271786 -7.372272163062949 -9.609050929301368 -13.264535081793813
12.850000381469727 -4.456309858370542 -7.802080034939859 -9.716143419633827 -13.224264020504322
12.949999809265137 -2.648571579403068 -7.53899161705726 -9.747950058611504 -13.198807634345432
13.050000190734863 -3.423440029717451 -7.272889938933645 -9.62214690675443 -13.165241905322283
13.149999618530273 -3.077333274156551 -7.098281591840607 -9.62835910397503 -13.13898684114276
13.25 -3.4679589680604863 -7.493380443265984 -9.704604942666322 -13.099513882059735
13.350000381469727 -4.142602466490246 -7.429205513738495 -9.531186829417027 -13.060132811144857
13.449999809265137 -3.3612111650650256 -7.387023987612828 -9.561592347112263 -13.029401931403662
13.550000190734863 -1.242059479337037 -7.458401037184942 -9.630744493059229 -12.987405244318417
13.649999618530273 -4.253056162169784 -7.451655519505806 -9.498373470628216 -12.962991136769489
13.75 -3.47622201340441 -7.293210862367964 -9.65005268661627 -12.93662397421696
13.850000381469727 -3.6408556368085314 -7.342224113440672 -9.683214628629734 -12.890826835689122
13.949999809265137 -3.2951451134446366 -7.462406012229238 -9.59705505008436 -12.860073404363927
14.050000190734863 -3.374138812105919 -7.191198430906848 -9.646474481892326 -12.815541803563846
14.149999618530273 -4.041951437250855 -7.4851117979316975 -9.576336940520687 -12.771362120002166
14.25 -2.9612753218405103 -7.342429055553794 -9.518467136779574 -12.726685058246979
14.350000381469727 -3.4471062212120103 -6.9592638659217805 -9.638946670134885 -12.673003345798964
14.449999809265137 -3.004353513595852 -7.186378835377514 -9.572795590556716 -12.641359888167482
14.550000190734863 -3.3100301202191815 -7.455383172349016 -9.572728485541361 -12.597657565504985
14.649999618530273 -3.97373090898159 -7.282454232332565 -9.508128328018898 -12.542540294651314
14.75 -3.724621859866332 -7.557292302134368 -9.5243124557826 -12.484389848256772
14.850000381469727 -3.6528565851816737 -7.2681648777226044 -9.558551330567191 -12.452235174130536
14.949999809265137 -2.8937981684421565 -7.285415994302625 -9.633978771588033 -12.411320830703573
15.050000190734863 -4.492472027411658 -7.512981842669419 -9.549345576567735 -12.36263750605221
15.149999618530273 -3.9864248809522174 -7.300835994097174 -9.519443222973678 -12.313660162188512
15.25 -3.2874038033134454 -7.36753843422116 -9.513881093590658 -12.274374108233069
15.350000381469727 -3.7554141088280595 -7.372827634683258 -9.49676185732342 -12.229541694050404
15.449999809265137 -3.810474204289104 -7.474541844764271 -9.54784638672816 -12.18155616851671
15.550000190734863 -3.692209771562652 -7.323490263478703 -9.53939271845342 -12.12027335237753
15.649999618530273 -4.0253028486043085 -7.240928472073293 -9.56088456143043 -12.096986129101257
15.75 -4.378239997070658 -7.483573864644828 -9.457211835670982 -12.023655488778168
15.850000381469727 -3.7550023722054746 -7.520632786757606 -9.418568781630945 -11.983803923429143
15.949999809265137 -3.664910755268121 -7.252902274488118 -9.525336673056628 -11.924661994079347
16.049999237060547 -3.943810956162956 -6.914040681270052 -9.534974163237656 -11.882849562995261
16.149999618530273 -4.038182961060183 -7.3270872680491905 -9.483966147757933 -11.828305440213459
16.25 -4.085243814816387 -6.960446639598217 -9.488309691702 -11.812549898258933
16.350000381469727 -3.83387658266863 -7.102971437296642 -9.489059275093652 -11.7720983058121
16.450000762939453 -2.8820891688534935 -7.421428583751101 -9.463461678553212 -11.75882898995998
16.549999237060547 -3.575276719802325 -7.358929294976242 -9.492552887612568 -11.719136676260398
16.649999618530273 -4.05852305858625 -7.437010123634902 -9.411989647813293 -11.692093289453585
