Models/Kasen_0.04_0.15_1e-1.5.dat
# %ECSV 0.9
# ---
# datatype:
# - name: time
#   datatype: float64
# - name: sdss_g
#   datatype: float64
# - name: sdss_r
#   datatype: float64
# - name: sdss_i
#   datatype: float64
# - name: Clear
#   datatype: float64
# meta: !!omap
# - comment:
#   - type = Kasen
#   - mass = 0.04
#   - velocity = 0.15
#   - Xlan = 1e-1.5
# schema: astropy-2.0
time sdss_g sdss_r sdss_i Clear
[from data line 185]
16.549999237060547 -5.568347611465001 -7.981035360447638 -9.61651744826915 -11.4461278282449
16.649999618530273 -5.339661197825219 -7.9188459541310365 -9.423266163721703 -11.42396128669698
16.75 -5.671716347570378 -7.970321314796902 -9.492043932620128 -11.43511022017277
16.850000381469727 -5.49521539454631 -7.792291985262395 -9.41391185855952 -11.417278631433383
16.950000762939453 -5.55809014291254 -7.784293433505532 -9.497878626041107 -11.394447593599661
17.049999237060547 -5.178300251651137 -7.888107658851936 -9.392118996606396 -11.386410800827004
17.149999618530273 -5.471920119173241 -7.790917236931321 -9.3680488944959 -11.364040631614124
17.25 -5.699400113611276 -7.760564767085739 -9.431174651135606 -11.345565921973392
17.350000381469727 -5.714970922624232 -7.774600388707086 -9.38190276921421 -11.334654024523392
17.450000762939453 -5.445791105326222 -7.961625873555995 -9.355608352345989 -11.339515613136875
17.549999237060547 -5.564846251707305 -7.723871715271336 -9.340454103255496 -11.3100724768633
17.649999618530273 -5.225693845417524 -7.728871345859975 -9.358403371192757 -11.304391658642317
17.75 -5.625629009353794 -7.648799826539928 -9.274460598345101 -11.307931527008577
17.850000381469727 -5.519590678330172 -7.528588781954355 -9.250698335653247 -11.299495824346923
17.950000762939453 -5.458665880493374 -7.783296515580073 -9.246668677274048 -11.28508565690321
18.049999237060547 -5.5519419788544155 -7.8305746238232885 -9.091387690358232 -11.249645309770916
18.149999618530273 -5.663368631705168 -7.683026597120993 -9.242252917209651 -11.254136063602502
18.25 -5.345675499567921 -7.494447304209189 -9.154001021145547 -11.232831341058166
18.350000381469727 -5.636924690181946 -7.62971255909979 -9.222450111250158 -11.223897610366564
18.450000762939453 -5.478118389144143 -7.712657500797494 -9.061188559380398 -11.218616212863864
18.549999237060547 -5.6153421040253875 -7.74568729254333 -9.051773357967473 -11.19560602936896
18.649999618530273 -5.369595427891326 -7.689490027983766 -9.092432118774937 -11.169962067325816
18.75 -5.4086795093811695 -7.645984268994617 -9.097504188150474 -11.175197042751424
18.850000381469727 -5.4342018362290645 -7.731173467254269 -8.97741208832948 -11.158302547617513
18.950000762939453 -5.496909592293342 -7.495809289199034 -8.997465713508248 -11.139725736127566
19.049999237060547 -5.549327301613857 -7.530579137714323 -8.997350795243896 -11.152382594619539
19.149999618530273 -5.473901597228419 -7.5987210935095675 -8.934389610255078 -11.122195888205471
19.25 -5.364493317952071 -7.7191593673306755 -8.943017888122931 -11.105658939581847
19.350000381469727 -5.560732952170596 -7.603371008449038 -8.933900479888198 -11.112218496023445
19.450000762939453 -5.108814746441396 -7.487595197307968 -8.916377235964017 -11.097085386138072
19.549999237060547 -5.404160134902138 -7.585778204189516 -8.870442886634677 -11.077664935214315
19.649999618530273 -5.3937178222541995 -7.501782303490259 -8.88388764185271 -11.080325468671678
19.75 -5.463761849940909 -7.487695831645993 -8.847569623581641 -11.05416851484475
19.850000381469727 -5.404699319357103 -7.489028553532393 -8.758389216594985 -11.039231570196627
19.950000762939453 -5.313012326049552 -7.507561146793929 -8.798308780529894 -11.045248602711315
20.049999237060547 -5.4698836033290945 -7.42803705783982 -8.75513956661528 -11.028619739343888
20.149999618530273 -5.423509222317232 -7.4606775986059475 -8.612723676472875 -11.027927551555639
20.25 -5.362730436341145 -7.402556401349422 -8.693087253607587 -11.01404450149952
20.350000381469727 -5.408593935748179 -7.350382901703803 -8.519831948482363 -10.977635104572641
20.450000762939453 -5.209568711848213 -7.335653234097812 -8.460944819768635 -10.739684612475031
20.549999237060547 -5.11386131458822 -6.827958697798685 -7.913793670014403 -10.44251993963428
20.649999618530273 -4.997328503770824 -6.91343356415144 -7.654776542595357 -10.090321506374966
20.75 -4.470052195862955 -6.565574347875415 -7.238437753900968 -9.793694555930639
20.850000381469727 -4.4200218167173375 -6.24061720525442 -6.478982254393692 -9.463426174830882
20.950000762939453 -4.576262850859337 -5.942460611346679 -6.092963865705908 -9.072484006285695
21.049999237060547 -3.419516749484405 -5.4929241744248465 -5.824176470442048 -8.583265432221296
21.149999618530273 -3.777129411153293 -4.80661604294081 -5.238263411567164 -8.12366110081479
21.25 -3.2382363942440726 -4.898914799538247 -4.988050143063923 -7.705585624481124
21.350000381469727 -3.4629622534924778 -5.022186011591742 -5.169068856193412 -7.218690478454839
21.450000762939453 -3.1946085463009553 -4.749179471491974 -5.101126669769073 -6.854274508308951
21.549999237060547 -3.900787409571109 -5.08267670781802 -4.435194263076905 -6.520041616866369
21.649999618530273 -3.1065810240819935 -4.485174789955842 -4.525114492070884 -6.310212462670556
21.75 -2.7761363879347236 -4.5324585147345005 -3.9688455157870663 -5.99801473743954
21.850000381469727 -2.7792160601371734 -4.3177206124859815 -4.086942298476231 -5.801369553052087
21.950000762939453 -2.2039477749869825 -4.332345505289311 -4.052852760208644 -5.573795324421642
22.049999237060547 -2.327054671845918 -4.5603237472154525 -3.9900648919431276 -5.489951149273555
22.149999618530273 -2.03138234367173 -4.327607733610552 -1.9221371358499866 -5.29144241904088
22.25 1.507487028722121 -3.8314791284806624 -2.990776703137776 -5.1281580200138634
22.350000381469727 -1.511964120559993 -4.105907019300755 -2.783208593302021 -4.862058510753503
22.450000762939453 -0.7111834047079277 -3.8720237349521085 -1.6085327601970896 -4.968927736372063
22.549999237060547 -1.3941906733695717 -2.9824550666314593 -3.1047541804191567 -4.958423168312667
22.649999618530273 -0.7572396910470065 -2.186259841284471 7.5495205212422505 -4.49411535969794
22.75 4.760597784830571 -3.2077989103023192 -0.9857222078568668 -4.3903033016564095
22.850000381469727 nan nan -1.3217419706005131 -4.236018577202913
22.950000762939453 nan -1.464705363430328 nan -4.200345183998216
23.049999237060547 2.5309352443249438 -1.1638949341101714 nan -4.438082473608429
23.149999618530273 nan -1.4645222195231362 4.76696012010995 -4.219278220307885
23.25 nan -1.2605653696706014 3.30096737197775 -3.845314394950954
23.350000381469727 nan -1.4081773362571859 nan -3.4813518375584813
23.450000762939453 nan -1.9109684592039358 -0.4144609291265855 -3.9351991802087944
23.549999237060547 nan nan 0.24810977578665927 -3.6615337225055633
23.649999618530273 nan -1.1994157246030124 nan -3.5261749232489805
23.75 nan -1.438607843637696 nan -3.021264886601582
23.850000381469727 nan nan nan -3.573058612343047
23.950000762939453 nan nan nan -2.6042211570312865
24.049999237060547 nan nan nan -3.0230897216586428
24.149999618530273 nan nan nan -2.7839486586956212
24.25 nan nan nan -2.877862248465213
24.350000381469727 nan nan nan -2.5365372441191525
24.450000762939453 nan nan nan -2.732230492588272
24.549999237060547 nan nan nan -2.5210677649719244
24.649999618530273 nan nan nan -2.1979002192770025
24.75 nan nan nan -2.6940929283374153
24.850000381469727 nan nan nan -2.500437218406276
24.950000762939453 nan nan nan -1.9945871949511442
