Models/Kasen_0.03_0.2_1e-1.0.dat
# %ECSV 0.9
# ---
# datatype:
# - name: time
#   datatype: float64
# - name: sdss_g
#   datatype: float64
# - name: sdss_r
#   datatype: float64
# - name: sdss_i
#   datatype: float64
# - name: Clear
#   datatype: float64
# meta: !!omap
# - comment:
#   - type = Kasen
#   - mass = 0.03
#   - velocity = 0.2
#   - Xlan = 1e-1.0
# schema: astropy-2.0
time sdss_g sdss_r sdss_i Clear
[from data line 185]
16.549999237060547 -5.701043353856015 -7.013146629158189 -8.06075389052394 -10.883172101698914
16.649999618530273 -5.593613701713203 -6.925919958311077 -7.679589346585164 -10.68988519863698
16.75 -5.286844866582133 -6.582384514820667 -7.3501230646871285 -10.319562819949827
16.850000381469727 -5.20542041917405 -6.364050446784763 -6.817082941098317 -10.000532627249928
16.950000762939453 -5.029541029582589 -6.105394026855759 -6.367472873655959 -9.624063201730685
17.049999237060547 -4.8810609571156185 -5.584095473524087 -5.931067571734495 -9.221979126619061
17.149999618530273 -4.627398550026825 -5.806926433769302 -5.676544781433243 -8.818338950574944
17.25 -4.317844282241683 -5.406031410207724 -4.931536561873578 -8.242771475887174
17.350000381469727 -3.789414597587893 -5.342658575132713 -4.876941665583413 -7.722890516211024
17.450000762939453 -3.8923368974462313 -5.153548970019511 -4.246996292965029 -7.15314777869558
17.549999237060547 -3.841742597069519 -5.011917159438344 -4.5310468419287595 -6.940268697344294
17.649999618530273 -2.7637153515585027 -4.934932325213946 -3.9485155848568567 -6.561901202435479
17.75 -3.0248174657859046 -4.798860163362328 -4.149918546616611 -6.214183974796363
17.850000381469727 -2.6985714619753765 -4.403536730379734 -3.4038603228921467 -6.054472541596869
17.950000762939453 -1.9327555936141358 -3.9537589406231355 -3.202384207314662 -5.79095514467436
18.049999237060547 -1.9280995865496138 -3.2240236199749432 -1.3390661212419257 -5.542823675137726
18.149999618530273 -1.1458577250821698 -3.5057035060970563 5.841868972669216 -5.474932700432724
18.25 -0.6238049010613267 -0.8863175689323981 nan -5.395578748222796
18.350000381469727 nan -2.7944378454403918 -0.6095274836886269 -4.996316473599297
18.450000762939453 5.9390101638644275 -0.724711842610894 -1.1483281516382462 -5.158969891143585
18.549999237060547 nan -1.858864216437297 6.226034807413402 -4.967365921052291
18.649999618530273 nan -1.0979176092712937 nan -4.6684281143885045
18.75 nan -0.9515698315646084 nan -4.594126938293812
18.850000381469727 nan nan nan -4.444177707330024
18.950000762939453 nan nan nan -4.436107225800132
19.049999237060547 nan -0.9631119248848972 nan -4.066953637316626
19.149999618530273 nan -0.9031264325330284 nan -3.6051224786679548
19.25 nan nan nan -3.9199286585735678
19.350000381469727 nan nan nan -3.946740316433985
19.450000762939453 nan nan nan -3.4912195756558972
19.549999237060547 nan nan nan -3.6460717834118626
19.649999618530273 nan nan nan -3.391880905065509
19.75 nan nan nan -2.6495434016109307
19.850000381469727 nan nan nan -3.0489079230628597
19.950000762939453 nan nan nan -2.7077522497260134
20.049999237060547 nan nan nan -3.155467070366889
20.149999618530273 nan nan nan -3.0005627446205523
20.25 nan nan nan -2.9000491883084862
20.350000381469727 nan nan nan -2.1574050759156016
20.450000762939453 nan nan nan -1.9020947992296051
20.549999237060547 nan nan nan -2.2276530500781497
20.649999618530273 nan nan nan -2.315355363008262
20.75 nan nan nan -1.771135300026721
20.850000381469727 nan nan nan -2.604867139181792
20.950000762939453 nan nan nan -1.3998206347641755
21.049999237060547 nan nan nan -1.599444404834717
21.149999618530273 nan nan nan -0.6675178221879783
21.25 nan nan nan -1.1313671785666735
21.350000381469727 nan nan nan -1.7700968024546384
21.450000762939453 nan nan nan -1.818162082222642
21.549999237060547 nan nan nan -0.6061487721109842
21.649999618530273 nan nan nan 1.0147634545335844
21.75 nan nan nan -0.3955316177493877
21.850000381469727 nan nan nan 0.6091861056451897
21.950000762939453 nan nan nan -1.745759161436517
22.049999237060547 nan nan nan -0.7370366557473034
22.149999618530273 nan nan nan -0.24193286636500133
22.25 nan nan nan 0.537468342677208
22.350000381469727 nan nan nan 0.20789529476268953
22.450000762939453 nan nan nan -1.2373215279876426
22.549999237060547 nan nan nan -0.39898288498861945
22.649999618530273 nan nan nan -0.11988062523397502
22.75 nan nan nan 0.8251721598818964
22.850000381469727 nan nan nan 0.6682861857372906
22.950000762939453 nan nan nan 0.12576954324879352
23.049999237060547 nan nan nan 0.5692474606381914
23.149999618530273 nan nan nan nan
23.25 nan nan nan 1.8495293092973295
23.350000381469727 nan nan nan -0.6611248926500153
23.450000762939453 nan nan nan nan
23.549999237060547 nan nan nan 1.1121215744040214
23.649999618530273 nan nan nan -0.6902112371651619
23.75 nan nan nan 0.6582773358017739
23.850000381469727 nan nan nan nan
23.950000762939453 nan nan nan 1.0561146624310886
24.049999237060547 nan nan nan 0.011414862675170667
24.149999618530273 nan nan nan 0.500957529415011
24.25 nan nan nan nan
24.350000381469727 nan nan nan nan
24.450000762939453 nan nan nan nan
24.549999237060547 nan nan nan nan
24.649999618530273 nan nan nan nan
24.75 nan nan nan 0.6605509006418799
24.850000381469727 nan nan nan nan
24.950000762939453 nan nan nan nan
