Models/Kasen_0.025_0.03_1e-2.0.dat
# %ECSV 0.9
# ---
# datatype:
# - name: time
#   datatype: float64
# - name: sdss_g
#   datatype: float64
# - name: sdss_r
#   datatype: float64
# - name: sdss_i
#   datatype: float64
# - name: Clear
#   datatype: float64
# meta: !!omap
# - comment:
#   - type = Kasen
#   - mass = 0.025
#   - velocity = 0.03
#   - Xlan = 1e-2.0
# schema: astropy-2.0
time sdss_g sdss_r sdss_i Clear
[from data line 187]
16.75 nan -5.686517098135653 -8.630057872944054 -12.524346210219399
16.850000381469727 nan -5.816314328208449 -8.696802873880365 -12.50575787596835
16.950000762939453 2.7858381655903433 -6.129658182728278 -8.658601406917516 -12.465863873082078
17.049999237060547 nan -6.133571135172875 -8.426604563612315 -12.436795341182656
17.149999618530273 -0.4125305218473727 -5.837915493991591 -8.517457965413552 -12.414739315500551
17.25 2.917150606878687 -6.0278758882841 -8.513937727699311 -12.409942620027092
17.350000381469727 3.244242531005753 -6.071018133858928 -8.605155733053465 -12.408174957050573
17.450000762939453 0.0012569890558360441 -6.155685862559871 -8.400972266223079 -12.416905708391141
17.549999237060547 2.895996573905599 -6.226015211206587 -8.46522525724264 -12.386779750991764
17.649999618530273 -2.3791653175569465 -5.198998309641574 -8.5345387521734 -12.349605157058953
17.75 nan -5.889427203179263 -8.520995206394254 -12.315491054495077
17.850000381469727 -3.293842164050215 -5.975892559725249 -8.713013156578505 -12.273724605793035
17.950000762939453 1.6882161264846225 -5.814396681316833 -8.652946134730065 -12.24362816414455
18.049999237060547 4.568189257471852 -5.969854167577104 -8.531488012505157 -12.216055816336109
18.149999618530273 -2.459848264882197 -5.727733936818069 -8.621336684610998 -12.203615307045776
18.25 -1.4651846859823152 -5.967419882472104 -8.481937579441073 -12.179429579001756
18.350000381469727 4.923211743146803 -5.767362196222386 -8.536762615556697 -12.185443534131625
18.450000762939453 1.1888429932673574 -5.622743720331357 -8.710477602541395 -12.165134428128141
18.549999237060547 -2.0973175659967076 -5.7268648842701495 -8.52986377155371 -12.149216721495254
18.649999618530273 nan -5.913975267411381 -8.444929038087999 -12.100191840562786
18.75 5.016504527036869 -5.973083753482367 -8.509567550334229 -12.074470601677781
18.850000381469727 3.357085441189401 -6.091656766655724 -8.445185043629088 -12.022633378991316
18.950000762939453 -0.2535522855156245 -5.871169970427214 -8.648126618724934 -11.99443368876462
19.049999237060547 -1.6150596074238042 -6.541928721493438 -8.503207802046411 -11.97970793638548
19.149999618530273 3.6319164448887147 -5.597946665781052 -8.403767788561144 -11.948543631246036
19.25 3.436528378306095 -5.987523266885411 -8.39101925105805 -11.921265255254333
19.350000381469727 nan -5.070597123647445 -8.462243590373323 -11.921838173179445
19.450000762939453 -2.411719819978444 -6.095222920185215 -8.361970685307604 -11.890674075266485
19.549999237060547 4.357684554663518 -5.9788418146852536 -8.199723844904376 -11.888256027584497
19.649999618530273 -0.7979893839305703 -6.012013535688183 -8.553039691273462 -11.8398298057756
19.75 5.1245092428047805 -5.784525817846564 -8.387279070879117 -11.803945720160243
19.850000381469727 -2.06366699143026 -5.674900144895819 -8.270639207277352 -11.782963493464376
19.950000762939453 3.7511802519888935 -5.782888293280241 -8.442632048358444 -11.74832909215506
20.049999237060547 -2.1755274085756255 -5.992011461101477 -8.368510745681903 -11.716133549734081
20.149999618530273 4.583872272818002 -5.829060677260195 -8.389174313221574 -11.706177715071874
20.25 -2.154167979006104 -5.933089725498217 -8.252618025689976 -11.679269225697595
20.350000381469727 -2.0185459697862846 -5.7676836607640105 -8.453605807013417 -11.667524176022205
20.450000762939453 -2.2649946919999238 -6.217401144479766 -8.4829282444761 -11.654204550847457
20.549999237060547 -2.2553680003188497 -5.833452161707129 -8.361975619378047 -11.642345178087076
20.649999618530273 1.6930025006804374 -6.139406111575859 -8.25908162066845 -11.608761607216913
20.75 nan -6.168215067341137 -8.394444357807611 -11.59584436577007
20.850000381469727 -2.0283074419846123 -5.631559804854273 -8.529283135115222 -11.554595063496432
20.950000762939453 nan -5.844967876641618 -8.41558823211465 -11.537435519445538
21.049999237060547 -1.7993192035864958 -6.089987160850207 -8.407620257702352 -11.502602485354863
21.149999618530273 -2.7404857938904748 -5.706165629079649 -8.354913133758636 -11.505705783867288
21.25 -1.367248056063211 -5.970918484852362 -8.412705174915878 -11.48618266100344
21.350000381469727 -1.9953950191919034 -5.740329687072528 -8.341917334883881 -11.46736565920543
21.450000762939453 nan -5.96290427903584 -8.535672993251573 -11.45922754325482
21.549999237060547 -0.38485972640743427 -6.206291867752881 -8.33019259719594 -11.44374639280366
21.649999618530273 -1.8956299136235373 -5.901015622302452 -8.407216632031872 -11.452438039426234
21.75 1.5361821578400132 -5.61381747491588 -8.480631664926545 -11.418251837433289
21.850000381469727 -1.770092812474175 -5.80983962891721 -8.47322201202936 -11.39801891054563
21.950000762939453 4.695749297741093 -5.956997461906354 -8.466737292552843 -11.368359267391472
22.049999237060547 -1.9295981754806206 -6.067791681255422 -8.551194596556094 -11.343425182396569
22.149999618530273 -1.9340695552983043 -5.82726846433162 -8.447544020920532 -11.336778475809297
22.25 -0.31334375648203405 -5.954830588633701 -8.550759705258777 -11.324084827527116
22.350000381469727 3.4810357189290393 -6.198568752814463 -8.50441769897646 -11.330111057824258
22.450000762939453 -1.8144558549887613 -6.1929618611436155 -8.539779135276355 -11.321977318098313
22.549999237060547 2.1098804952909536 -6.081201689506692 -8.35842972062569 -11.320190409027354
22.649999618530273 -0.23835207208664677 -6.067778150492266 -8.340077578372899 -11.288536233428644
22.75 3.6378865340294944 -6.454364613569201 -8.315344232697925 -11.284497368278863
22.850000381469727 -1.9316551977026357 -5.978871780459986 -8.522038728752733 -11.268684841092792
22.950000762939453 -2.169648364638576 -6.139291468952759 -8.517035410241228 -11.259462513012387
23.049999237060547 -1.5698797376587716 -5.507220482791226 -8.511571115011126 -11.259001125780081
23.149999618530273 -1.6602748147106183 -6.142631294531704 -8.42619185730884 -11.224855515241057
23.25 -1.9372390251269387 -6.170362378578915 -8.453751294925958 -11.214228492952376
23.350000381469727 3.2861146440060587 -5.969848586069851 -8.391958858722166 -11.189187415766476
23.450000762939453 2.5332789704088547 -5.791749046666652 -8.510274759820867 -11.197457948223853
23.549999237060547 2.10100434686313 -6.023976616129744 -8.556251004478838 -11.175628204252604
23.649999618530273 -1.0712881247307156 -5.7295981793576445 -8.579016358989563 -11.192011265336813
23.75 -0.07692599587632643 -5.871136011913897 -8.4646955432701 -11.18989544262353
23.850000381469727 -1.7915612221123745 -6.095217118975391 -8.481234026097788 -11.1581947443944
23.950000762939453 -2.396527483735227 -5.775183063578208 -8.378617948078745 -11.132237668825457
24.049999237060547 -2.471798624421659 -5.648802169758607 -8.47005665218925 -11.143843139879742
24.149999618530273 1.9165172308053045 -6.240980397452834 -8.368087782926608 -11.129728346566534
24.25 -1.6904715736243467 -5.705263458735637 -8.370156992164972 -11.10740024625036
24.350000381469727 nan -5.886228742645109 -8.468861601950973 -11.111270941497516
24.450000762939453 -2.0707305089657204 -6.251297945765135 -8.414316411928809 -11.097226222400678
24.549999237060547 -1.3188346403185776 -5.875361807004694 -8.401891038618349 -11.10282487546322
24.649999618530273 -1.8641364302037289 -6.102715933951192 -8.534668752341645 -11.094858213246347
24.75 -2.765390530180177 -6.222546237089681 -8.443268329860828 -11.075719581724726
24.850000381469727 0.1187386732306166 -6.045229009804601 -8.522063877734396 -11.06705646253959
24.950000762939453 0.9724530988632978 -6.283550648170802 -8.505646489282483 -11.041222027255461
