Models/kilonova_phottable_gw170817_40Mpc.old
# %ECSV 0.9
# ---
# datatype:
# - {name: time, datatype: float64}
# - {name: sdss_r, datatype: float64}
# - {name: Clear, datatype: float64}
# meta: !!omap
# - comment: [type = 0817, mass = 0.06, velocity = 0.03, Xlan = 1e-1.0]
# schema: astropy-2.0
time sdss_r Clear
0.050448828306047654 -15.650390513584519 -15.650390513584519
0.15134648867687353 -15.624880957412664 -15.624880957412664
0.2522441377715077 -15.599371401240813 -15.599371401240813
0.35314178686614195 -15.573861845068958 -15.573861845068958
0.4540394359607761 -15.548352288897107 -15.548352288897107
0.5549371151252548 -15.522842732725252 -15.522842732725252
0.6558347341500446 -15.497333176553397 -15.497333176553397
0.7567324133145232 -15.471823620381546 -15.471823620381546
0.8576300924790018 -15.446314064209691 -15.446314064209691
0.9585277115037916 -15.42080450803784 -15.42080450803784
1.0594253305285812 -15.395294951865985 -15.395294951865985
1.16032300969306 -15.36978539569413 -15.36978539569413
1.2612206888575386 -15.344275839522279 -15.344275839522279
1.3621183680220172 -15.318766283350424 -15.318766283350424
1.463016047186496 -15.293256727178573 -15.293256727178573
1.5639136060715968 -15.267747171006718 -15.267747171006718
1.6648112852360755 -15.350052480284162 -15.350052480284162
1.7657089644005541 -15.336154676664218 -15.336154676664218
1.8666066435650328 -15.301133105112086 -15.301133105112086
1.9675043227295115 -15.254646160835375 -15.254646160835375
2.068401881614612 -15.19969041729486 -15.19969041729486
2.169299681058469 -15.137955988947457 -15.137955988947457
2.2701972399435695 -15.071897472054005 -15.071897472054005
2.3710947988286706 -15.002512505612138 -15.002512505612138
2.471992598272527 -14.93075745610281 -14.93075745610281
2.5728901571576275 -14.85693082896329 -14.85693082896329
2.673787956601484 -14.783566789394413 -14.783566789394413
2.774685515486585 -14.71055103301974 -14.71055103301974
2.875583074371686 -14.637804195269688 -14.637804195269688
2.976480873815542 -14.566900528496063 -14.566900528496063
3.0773784327006433 -14.497926371872946 -14.497926371872946
3.1782762321444995 -14.431866544891466 -14.431866544891466
3.2791737910296006 -14.367292185335188 -14.367292185335188
3.3800713499147013 -14.30561824758724 -14.30561824758724
3.480969149358558 -14.247373215818847 -14.247373215818847
3.5818667082436586 -14.191818178285367 -14.191818178285367
3.682764507687515 -14.138543479295322 -14.138543479295322
3.783662066572616 -14.088313842651587 -14.088313842651587
3.8845596254577166 -14.03908110454832 -14.03908110454832
3.9854574249015733 -13.992794604352444 -13.992794604352444
4.0863552243454295 -13.947550348417678 -13.947550348417678
4.18725278323053 -13.902813475089559 -13.902813475089559
4.288150342115632 -13.860356203654963 -13.860356203654963
4.389047901000732 -13.817812982563915 -13.817812982563915
4.489945459885833 -13.775416416102644 -13.775416416102644
4.590843499888445 -13.735766384595891 -13.735766384595891
4.6917410587735455 -13.695734111818009 -13.695734111818009
4.792638617658647 -13.656711372955893 -13.656711372955893
4.893536176543748 -13.619348170269024 -13.619348170269024
4.994433735428848 -13.581241739338559 -13.581241739338559
5.09533177543146 -13.544037124690984 -13.544037124690984
5.196229334316562 -13.508226405971069 -13.508226405971069
5.297126893201662 -13.472406334384171 -13.472406334384171
5.398024452086763 -13.437384001770774 -13.437384001770774
5.498922010971864 -13.402734757619125 -13.402734757619125
5.599820050974476 -13.368047313709866 -13.368047313709866
5.700717609859577 -13.335257065893995 -13.335257065893995
5.801615168744678 -13.302691315548131 -13.302691315548131
5.902512727629778 -13.268641356995328 -13.268641356995328
6.003410286514879 -13.236000598703473 -13.236000598703473
6.104308326517492 -13.202798777320059 -13.202798777320059
6.205205885402592 -13.169743531990655 -13.169743531990655
6.306103444287693 -13.13604840737652 -13.13604840737652
6.407001003172794 -13.10438766007491 -13.10438766007491
6.507898562057894 -13.072857957663917 -13.072857957663917
6.608796602060507 -13.041990536628482 -13.041990536628482
6.709694160945608 -13.011586535874745 -13.011586535874745
6.810591719830708 -12.981367345118056 -12.981367345118056
6.911489278715809 -12.949808107418527 -12.949808107418527
7.012386837600911 -12.920073101262439 -12.920073101262439
7.1132848776035225 -12.888638658552814 -12.888638658552814
7.214182436488623 -12.858732394035453 -12.858732394035453
7.315079995373724 -12.82893281687706 -12.82893281687706
7.415977554258825 -12.798382214269036 -12.798382214269036
7.516875113143926 -12.769877079742084 -12.769877079742084
7.617773153146538 -12.74156669425675 -12.74156669425675
7.7186707120316385 -12.71291156210567 -12.71291156210567
7.819568270916739 -12.68385330443946 -12.68385330443946
7.920465829801841 -12.655141255618013 -12.655141255618013
8.021363388686941 -12.625776966943864 -12.625776966943864
8.122261428689553 -12.5987282670641 -12.5987282670641
8.223158506457143 -12.572528774703905 -12.572528774703905
8.324056546459754 -12.544607591980565 -12.544607591980565
8.424954586462366 -12.517606185370909 -12.517606185370909
8.525851664229956 -12.489212460683571 -12.489212460683571
8.62674970423257 -12.461736506531832 -12.461736506531832
8.727646782000159 -12.43607711790198 -12.43607711790198
8.82854482200277 -12.409110215648827 -12.409110215648827
8.929442862005383 -12.38120198527007 -12.38120198527007
9.030339939772972 -12.354507845647252 -12.354507845647252
9.131237979775584 -12.32713043559853 -12.32713043559853
9.232135057543173 -12.300708182092745 -12.300708182092745
9.333033097545785 -12.274960739659289 -12.274960739659289
9.433931137548399 -12.250247462524786 -12.250247462524786
9.534828215315988 -12.224059617854902 -12.224059617854902
9.6357262553186 -12.199036061024668 -12.199036061024668
9.73662333308619 -12.172543878275981 -12.172543878275981
9.837521373088801 -12.145002054358823 -12.145002054358823
9.938419413091413 -12.120367330918533 -12.120367330918533
10.039316490859003 -12.094957135400037 -12.094957135400037
10.140214530861615 -12.069029330215173 -12.069029330215173
10.241111608629204 -12.043618110773881 -12.043618110773881
10.342009648631818 -12.017670814498043 -12.017670814498043
10.44290768863443 -11.993129765003054 -11.993129765003054
10.543804766402019 -11.967808633828334 -11.967808633828334
10.64470280640463 -11.943113754945294 -11.943113754945294
10.74559988417222 -11.917873265608847 -11.917873265608847
10.846497924174832 -11.892455407319673 -11.892455407319673
10.947395964177444 -11.867899036276079 -11.867899036276079
11.048293041945033 -11.843896998522883 -11.843896998522883
11.149191081947645 -11.819876795465525 -11.819876795465525
11.250088159715235 -11.794719160748592 -11.794719160748592
11.350986199717848 -11.768700952030905 -11.768700952030905
11.45188423972046 -11.743901034254659 -11.743901034254659
11.55278131748805 -11.720216816399688 -11.720216816399688
11.653679357490661 -11.69533339247625 -11.69533339247625
11.754576435258251 -11.670888314300434 -11.670888314300434
11.855474475260863 -11.646342206424169 -11.646342206424169
11.956372515263475 -11.62156799288653 -11.62156799288653
12.057269593031064 -11.597298885916516 -11.597298885916516
12.158167633033678 -11.573645843535655 -11.573645843535655
12.259064710801267 -11.55074696413925 -11.55074696413925
12.359962750803879 -11.52682652867274 -11.52682652867274
12.46086079080649 -11.502930002517004 -11.502930002517004
12.56175786857408 -11.478822792615283 -11.478822792615283
12.662655908576692 -11.454784844783223 -11.454784844783223
12.763552986344282 -11.43077308493866 -11.43077308493866
12.864451026346893 -11.40701762801605 -11.40701762801605
12.965349066349507 -11.384105024503537 -11.384105024503537
13.066246144117097 -11.3587133712583 -11.3587133712583
13.167144184119708 -11.335398567603999 -11.335398567603999
13.268041261887298 -11.312284060641417 -11.312284060641417
13.36893930188991 -11.289785169623741 -11.289785169623741
13.469837341892521 -11.26618328313711 -11.26618328313711
13.570734419660111 -11.242563249323652 -11.242563249323652
13.671632459662723 -11.21923263803723 -11.21923263803723
13.772529537430312 -11.194666613474176 -11.194666613474176
13.873427577432924 -11.173829661688504 -11.173829661688504
13.974325617435538 -11.150987732476711 -11.150987732476711
14.075222695203127 -11.128754115240419 -11.128754115240419
14.176120735205739 -11.105083225595713 -11.105083225595713
14.277017812973329 -11.081245371217303 -11.081245371217303
14.37791585297594 -11.058162327098593 -11.058162327098593
14.478813892978552 -11.034940163407121 -11.034940163407121
14.579710970746142 -11.01382851123887 -11.01382851123887
14.680609010748753 -10.990515543344465 -10.990515543344465
14.781506088516343 -10.969178215730537 -10.969178215730537
14.882404128518957 -10.947526815304816 -10.947526815304816
14.983302168521568 -10.922548050952372 -10.922548050952372
15.084199246289158 -10.899416399965116 -10.899416399965116
15.18509728629177 -10.876831401448985 -10.876831401448985
15.28599436405936 -10.854246402932851 -10.854246402932851
15.386892404061971 -10.831661404416717 -10.831661404416717
15.487790444064583 -10.809076405900583 -10.809076405900583
15.588687521832172 -10.78649140738445 -10.78649140738445
15.689585561834786 -10.763906408868316 -10.763906408868316
15.790482639602375 -10.741321410352185 -10.741321410352185
15.891380679604987 -10.718736411836051 -10.718736411836051
15.992278719607599 -10.696151413319917 -10.696151413319917
16.09317579737519 -10.673566414803783 -10.673566414803783
16.194072875142776 -10.65098141628765 -10.65098141628765
16.29497091514539 -10.628396417771516 -10.628396417771516
16.395868955148003 -10.605811419255382 -10.605811419255382
16.496766995150615 -10.583226420739248 -10.583226420739248
16.597665035153227 -10.560641422223114 -10.560641422223114
16.847552478358715 nan nan
16.948450133467315 nan nan
17.04934778857592 nan nan
17.15024544368452 nan nan
17.251143098793126 nan nan
17.35204075390173 nan nan
17.45293840901033 nan nan
17.553836064118933 nan nan
17.654733719227536 nan nan
17.75563137433614 nan nan
17.856529029444744 nan nan
17.957426684553344 nan nan
18.05832433966195 nan nan
18.15922199477055 nan nan
18.260119649879154 nan nan
18.361017304987758 nan nan
18.46191496009636 nan nan
18.562812615204965 nan nan
18.663710270313565 nan nan
18.764607925422172 nan nan
18.865505580530776 nan nan
18.966403235639376 nan nan
19.06730089074798 nan nan
19.168198545856583 nan nan
19.269096200965187 nan nan
19.36999385607379 nan nan
19.47089151118239 nan nan
19.571789166290998 nan nan
19.672686821399598 nan nan
19.7735844765082 nan nan
19.874482131616805 nan nan
19.97537978672541 nan nan
20.076277441834012 nan nan
20.177175096942612 nan nan
20.278072752051216 nan nan
20.378970407159823 nan nan
20.479868062268423 nan nan
20.580765717377027 nan nan
20.681663372485627 nan nan
20.782561027594234 nan nan
20.883458682702837 nan nan
20.984356337811437 nan nan
21.08525399292004 nan nan
21.186151648028645 nan nan
21.28704930313725 nan nan
21.387946958245852 nan nan
21.488844613354452 nan nan
21.58974226846306 nan nan
21.69063992357166 nan nan
21.791537578680263 nan nan
21.892435233788866 nan nan
21.99333288889747 nan nan
22.094230544006074 nan nan
22.195128199114674 nan nan
22.296025854223277 nan nan
22.396923509331884 nan nan
22.497821164440484 nan nan
22.598718819549088 nan nan
22.69961647465769 nan nan
22.800514129766295 nan nan
22.9014117848749 nan nan
23.0023094399835 nan nan
23.103207095092106 nan nan
23.204104750200706 nan nan
23.30500240530931 nan nan
23.405900060417913 nan nan
23.506797715526517 nan nan
23.60769537063512 nan nan
23.70859302574372 nan nan
23.809490680852324 nan nan
23.91038833596093 nan nan
24.01128599106953 nan nan
24.112183646178135 nan nan
24.213081301286735 nan nan
24.313978956395342 nan nan
24.414876611503946 nan nan
24.515774266612546 nan nan
24.61667192172115 nan nan
24.717569576829753 nan nan
24.818467231938357 nan nan
24.91936488704696 nan nan
25.020262542155564 nan nan
25.121160197264167 nan nan
25.222057852372767 nan nan
25.32295550748137 nan nan
25.423853162589975 nan nan
25.524750817698582 nan nan
25.625648472807182 nan nan
25.726546127915782 nan nan
25.827443783024385 nan nan
25.928341438132993 nan nan
26.029239093241596 nan nan
26.130136748350196 nan nan
26.231034403458796 nan nan
26.331932058567403 nan nan
26.432829713676007 nan nan
26.53372736878461 nan nan
26.634625023893214 nan nan
26.735522679001814 nan nan
26.836420334110418 nan nan
26.93731798921902 nan nan
27.03821564432763 nan nan
27.13911329943623 nan nan
27.24001095454483 nan nan
27.340908609653432 nan nan
27.44180626476204 nan nan
27.542703919870643 nan nan
27.643601574979243 nan nan
27.744499230087843 nan nan
27.84539688519645 nan nan
27.946294540305054 nan nan
28.047192195413658 nan nan
28.148089850522258 nan nan
28.24898750563086 nan nan
28.349885160739465 nan nan
28.45078281584807 nan nan
28.551680470956672 nan nan
28.652578126065276 nan nan
28.753475781173876 nan nan
28.85437343628248 nan nan
28.955271091391083 nan nan
29.05616874649969 nan nan
29.15706640160829 nan nan
29.25796405671689 nan nan
29.358861711825494 nan nan
29.4597593669341 nan nan
29.560657022042705 nan nan
29.661554677151305 nan nan
29.762452332259905 nan nan
29.86334998736851 nan nan
29.964247642477115 nan nan
30.06514529758572 nan nan
30.16604295269432 nan nan
30.266940607802923 nan nan
30.367838262911526 nan nan
30.46873591802013 nan nan
30.569633573128737 nan nan
30.670531228237337 nan nan
30.771428883345937 nan nan
30.87232653845454 nan nan
30.973224193563148 nan nan
31.07412184867175 nan nan
31.17501950378035 nan nan
31.27591715888895 nan nan
31.37681481399756 nan nan
31.477712469106162 nan nan
31.578610124214766 nan nan
31.679507779323366 nan nan
31.78040543443197 nan nan
31.881303089540573 nan nan
31.982200744649177 nan nan
32.08309839975778 nan nan
32.183996054866384 nan nan
32.28489370997498 nan nan
32.38579136508359 nan nan
32.486689020192195 nan nan
32.5875866753008 nan nan
32.688484330409395 nan nan
32.789381985518 nan nan
32.8902796406266 nan nan
32.991177295735206 nan nan
33.09207495084381 nan nan
33.19297260595241 nan nan
33.29387026106102 nan nan
33.39476791616962 nan nan
33.495665571278224 nan nan
33.59656322638683 nan nan
33.697460881495424 nan nan
33.798358536604034 nan nan
33.89925619171263 nan nan
34.00015384682124 nan nan
34.101051501929845 nan nan
34.20194915703844 nan nan
34.30284681214705 nan nan
34.40374446725565 nan nan
34.50464212236425 nan nan
34.605539777472856 nan nan
34.70643743258145 nan nan
34.80733508769007 nan nan
34.90823274279867 nan nan
35.00913039790727 nan nan
35.110028053015874 nan nan
35.21092570812447 nan nan
35.31182336323308 nan nan
35.41272101834168 nan nan
35.51361867345029 nan nan
35.61451632855889 nan nan
35.71541398366749 nan nan
35.8163116387761 nan nan
35.917209293884696 nan nan
36.0181069489933 nan nan
36.1190046041019 nan nan
36.2199022592105 nan nan
36.32079991431912 nan nan
36.421697569427714 nan nan
36.52259522453632 nan nan
36.62349287964492 nan nan
36.72439053475352 nan nan
36.82528818986213 nan nan
36.926185844970725 nan nan
37.02708350007933 nan nan
37.12798115518794 nan nan
37.228878810296536 nan nan
37.329776465405146 nan nan
37.43067412051374 nan nan
37.531571775622346 nan nan
37.63246943073095 nan nan
37.73336708583955 nan nan
37.83426474094816 nan nan
37.93516239605676 nan nan
38.036060051165364 nan nan
38.13695770627397 nan nan
38.237855361382564 nan nan
38.338753016491175 nan nan
38.43965067159977 nan nan
38.540548326708375 nan nan
38.641445981816986 nan nan
38.74234363692558 nan nan
38.84324129203419 nan nan
38.94413894714279 nan nan
39.04503660225139 nan nan
39.14593425736 nan nan
39.24683191246859 nan nan
39.347729567577204 nan nan
39.44862722268581 nan nan
39.54952487779441 nan nan
39.650422532903015 nan nan
39.75132018801161 nan nan
39.85221784312022 nan nan
39.95311549822882 nan nan
40.05401315333742 nan nan
40.154910808446026 nan nan
40.25580846355463 nan nan
40.35670611866324 nan nan
40.45760377377184 nan nan
40.55850142888044 nan nan
40.659399083989044 nan nan
40.76029673909764 nan nan
40.86119439420625 nan nan
40.96209204931485 nan nan
41.06298970442346 nan nan
41.16388735953206 nan nan
