Models/kilonova_phottable_gw170817_40Mpc.old
# %ECSV 0.9
# ---
# datatype:
# - {name: time, datatype: float64}
# - {name: sdss_r, datatype: float64}
# - {name: Clear, datatype: float64}
# meta: !!omap
# - comment: [type = 0817, mass = 0.06, velocity = 0.03, Xlan = 1e-1.0]
# schema: astropy-2.0
time sdss_r Clear
[from data line 408]
41.36568266974927 nan nan
41.466580324857865 nan nan
41.56747797996647 nan nan
41.66837563507507 nan nan
41.76927329018367 nan nan
41.87017094529229 nan nan
41.97106860040088 nan nan
42.07196625550949 nan nan
42.17286391061809 nan nan
42.27376156572669 nan nan
42.3746592208353 nan nan
42.475556875943894 nan nan
42.5764545310525 nan nan
42.67735218616111 nan nan
42.778249841269705 nan nan
42.879147496378316 nan nan
42.98004515148691 nan nan
43.080942806595516 nan nan
43.18184046170412 nan nan
43.282738116812716 nan nan
43.383635771921334 nan nan
43.48453342702993 nan nan
43.585431082138534 nan nan
43.68632873724714 nan nan
43.787226392355734 nan nan
43.888124047464345 nan nan
43.98902170257294 nan nan
44.089919357681545 nan nan
44.190817012790156 nan nan
44.29171466789875 nan nan
44.39261232300736 nan nan
44.49350997811596 nan nan
44.59440763322456 nan nan
44.69530528833317 nan nan
44.79620294344176 nan nan
44.897100598550374 nan nan
44.99799825365898 nan nan
45.09889590876758 nan nan
45.199793563876185 nan nan
45.30069121898478 nan nan
45.40158887409339 nan nan
45.50248652920199 nan nan
45.60338418431059 nan nan
45.704281839419195 nan nan
45.8051794945278 nan nan
45.90607714963641 nan nan
46.006974804745006 nan nan
46.10787245985361 nan nan
46.20877011496221 nan nan
46.30966777007081 nan nan
46.41056542517942 nan nan
46.51146308028802 nan nan
46.61236073539663 nan nan
46.71325839050523 nan nan
46.81415604561383 nan nan
46.91505370072244 nan nan
47.015951355831035 nan nan
47.11684901093964 nan nan
47.21774666604824 nan nan
47.318644321156846 nan nan
47.41954197626546 nan nan
47.52043963137405 nan nan
47.62133728648266 nan nan
47.72223494159126 nan nan
47.82313259669986 nan nan
47.92403025180847 nan nan
48.024927906917064 nan nan
48.125825562025675 nan nan
48.22672321713428 nan nan
48.327620872242875 nan nan
48.428518527351486 nan nan
48.52941618246008 nan nan
48.630313837568686 nan nan
48.73121149267729 nan nan
48.832109147785886 nan nan
48.9330068028945 nan nan
49.0339044580031 nan nan
49.134802113111704 nan nan
49.23569976822031 nan nan
49.33659742332891 nan nan
49.43749507843751 nan nan
49.53839273354611 nan nan
49.639290388654715 nan nan
49.740188043763325 nan nan
49.84108569887193 nan nan
49.941983353980525 nan nan
50.04288100908913 nan nan
50.14377866419773 nan nan
50.244676319306336 nan nan
50.34557397441494 nan nan
50.446471629523536 nan nan
50.54736928463215 nan nan
50.64826693974075 nan nan
50.749164594849354 nan nan
50.85006224995796 nan nan
50.950959905066554 nan nan
51.05185756017516 nan nan
51.15275521528376 nan nan
51.25365287039237 nan nan
51.354550525500976 nan nan
51.45544818060957 nan nan
51.556345835718176 nan nan
51.65724349082678 nan nan
51.75814114593538 nan nan
51.85903880104399 nan nan
51.95993645615258 nan nan
52.060834111261194 nan nan
52.1617317663698 nan nan
52.2626294214784 nan nan
52.363527076587005 nan nan
52.4644247316956 nan nan
52.565322386804205 nan nan
52.66622004191281 nan nan
52.76711769702141 nan nan
52.86801535213002 nan nan
52.96891300723862 nan nan
53.06981066234722 nan nan
53.170708317455826 nan nan
53.27160597256443 nan nan
53.372503627673034 nan nan
53.47340128278163 nan nan
53.574298937890234 nan nan
53.675196592998844 nan nan
53.77609424810745 nan nan
53.87699190321605 nan nan
53.97788955832465 nan nan
54.07878721343325 nan nan
54.179684868541855 nan nan
54.28058252365046 nan nan
54.38148017875906 nan nan
54.482377833867666 nan nan
54.58327548897627 nan nan
54.68417314408487 nan nan
54.78507079919348 nan nan
54.88596845430208 nan nan
54.98686610941068 nan nan
55.08776376451928 nan nan
55.18866141962789 nan nan
55.289559074736495 nan nan
55.3904567298451 nan nan
55.4913543849537 nan nan
55.5922520400623 nan nan
55.6931496951709 nan nan
55.794047350279506 nan nan
55.89494500538811 nan nan
55.99584266049672 nan nan
56.09674031560532 nan nan
56.19763797071392 nan nan
56.298535625822524 nan nan
56.39943328093113 nan nan
56.50033093603973 nan nan
56.60122859114833 nan nan
56.70212624625693 nan nan
56.80302390136554 nan nan
56.903921556474145 nan nan
57.00481921158275 nan nan
57.105716866691346 nan nan
57.20661452179995 nan nan
57.30751217690855 nan nan
57.408409832017156 nan nan
57.50930748712576 nan nan
57.61020514223436 nan nan
57.71110279734297 nan nan
57.81200045245157 nan nan
57.912898107560174 nan nan
58.01379576266878 nan nan
58.114693417777374 nan nan
58.21559107288598 nan nan
58.31648872799458 nan nan
58.41738638310319 nan nan
58.518284038211796 nan nan
58.61918169332039 nan nan
58.720079348428996 nan nan
58.8209770035376 nan nan
58.9218746586462 nan nan
59.02277231375481 nan nan
59.12366996886341 nan nan
59.224567623972014 nan nan
59.32546527908062 nan nan
59.42636293418922 nan nan
59.527260589297825 nan nan
59.62815824440642 nan nan
59.729055899515025 nan nan
59.82995355462363 nan nan
59.93085120973224 nan nan
60.03174886484084 nan nan
60.13264651994944 nan nan
60.23354417505804 nan nan
60.33444183016665 nan nan
60.43533948527525 nan nan
60.536237140383854 nan nan
60.63713479549245 nan nan
60.73803245060106 nan nan
60.838930105709665 nan nan
60.93982776081827 nan nan
61.04072541592687 nan nan
61.14162307103547 nan nan
61.24252072614407 nan nan
61.343418381252675 nan nan
61.44431603636128 nan nan
61.54521369146989 nan nan
61.646111346578486 nan nan
61.74700900168709 nan nan
61.84790665679569 nan nan
61.9488043119043 nan nan
62.0497019670129 nan nan
62.1505996221215 nan nan
62.2514972772301 nan nan
62.35239493233871 nan nan
62.453292587447315 nan nan
62.55419024255592 nan nan
62.655087897664515 nan nan
62.75598555277312 nan nan
62.85688320788172 nan nan
62.957780862990326 nan nan
63.05867851809894 nan nan
63.15957617320753 nan nan
63.26047382831614 nan nan
63.36137148342474 nan nan
63.462269138533344 nan nan
63.56316679364195 nan nan
63.664064448750544 nan nan
63.76496210385915 nan nan
63.86585975896776 nan nan
63.96675741407636 nan nan
64.06765506918497 nan nan
64.16855272429356 nan nan
64.26945037940217 nan nan
64.37034803451077 nan nan
64.47124568961938 nan nan
64.57214334472798 nan nan
64.67304099983657 nan nan
64.77393865494517 nan nan
64.87483631005378 nan nan
64.97573396516239 nan nan
65.076631620271 nan nan
65.1775292753796 nan nan
65.2784269304882 nan nan
65.3793245855968 nan nan
65.48022224070542 nan nan
65.58111989581401 nan nan
65.68201755092261 nan nan
65.7829152060312 nan nan
65.88381286113982 nan nan
65.98471051624843 nan nan
66.08560817135702 nan nan
66.18650582646562 nan nan
66.28740348157422 nan nan
66.38830113668283 nan nan
66.48919879179144 nan nan
66.59009644690003 nan nan
66.69099410200864 nan nan
66.79189175711724 nan nan
66.89278941222585 nan nan
66.99368706733446 nan nan
67.09458472244306 nan nan
67.19548237755166 nan nan
67.29638003266025 nan nan
67.39727768776886 nan nan
67.49817534287747 nan nan
67.59907299798607 nan nan
67.69997065309467 nan nan
67.80086830820326 nan nan
67.90176596331187 nan nan
68.00266361842048 nan nan
68.10356127352908 nan nan
68.20445892863769 nan nan
68.30535658374629 nan nan
68.4062542388549 nan nan
68.50715189396351 nan nan
68.6080495490721 nan nan
68.7089472041807 nan nan
68.8098448592893 nan nan
68.91074251439791 nan nan
69.01164016950652 nan nan
69.11253782461512 nan nan
69.21343547972371 nan nan
69.31433313483231 nan nan
69.41523078994092 nan nan
69.51612844504953 nan nan
69.61702610015813 nan nan
69.71792375526672 nan nan
69.81882141037534 nan nan
69.91971906548395 nan nan
70.02061672059256 nan nan
70.12151437570115 nan nan
70.22241203080975 nan nan
70.32330968591835 nan nan
70.42420734102696 nan nan
70.52510499613557 nan nan
70.62600265124416 nan nan
70.72690030635276 nan nan
70.82779796146136 nan nan
70.92869561656997 nan nan
71.02959327167858 nan nan
71.13049092678717 nan nan
71.23138858189577 nan nan
71.33228623700438 nan nan
71.433183892113 nan nan
71.5340815472216 nan nan
71.6349792023302 nan nan
71.7358768574388 nan nan
71.8367745125474 nan nan
71.937672167656 nan nan
72.03856982276461 nan nan
72.13946747787321 nan nan
72.24036513298181 nan nan
72.3412627880904 nan nan
72.44216044319901 nan nan
72.54305809830763 nan nan
72.64395575341622 nan nan
72.74485340852482 nan nan
72.84575106363341 nan nan
72.94664871874204 nan nan
73.04754637385065 nan nan
73.14844402895925 nan nan
73.24934168406784 nan nan
73.35023933917644 nan nan
73.45113699428505 nan nan
73.55203464939366 nan nan
73.65293230450226 nan nan
73.75382995961085 nan nan
73.85472761471945 nan nan
73.95562526982806 nan nan
74.05652292493667 nan nan
74.15742058004527 nan nan
74.25831823515387 nan nan
74.35921589026246 nan nan
74.46011354537107 nan nan
74.5610112004797 nan nan
74.6619088555883 nan nan
74.76280651069689 nan nan
74.86370416580549 nan nan
74.9646018209141 nan nan
75.06549947602271 nan nan
75.1663971311313 nan nan
75.2672947862399 nan nan
75.3681924413485 nan nan
75.46909009645711 nan nan
75.56998775156572 nan nan
75.67088540667432 nan nan
75.77178306178291 nan nan
75.87268071689151 nan nan
75.97357837200012 nan nan
76.07447602710874 nan nan
76.17537368221734 nan nan
76.27627133732594 nan nan
76.37716899243453 nan nan
76.47806664754314 nan nan
76.57896430265176 nan nan
76.67986195776035 nan nan
76.78075961286895 nan nan
76.88165726797754 nan nan
76.98255492308616 nan nan
77.08345257819477 nan nan
77.18435023330336 nan nan
77.28524788841196 nan nan
77.38614554352056 nan nan
77.48704319862917 nan nan
77.58794085373778 nan nan
77.68883850884639 nan nan
77.78973616395498 nan nan
77.89063381906358 nan nan
77.99153147417219 nan nan
78.0924291292808 nan nan
78.1933267843894 nan nan
78.294224439498 nan nan
78.39512209460659 nan nan
78.4960197497152 nan nan
78.59691740482381 nan nan
78.69781505993241 nan nan
78.798712715041 nan nan
78.8996103701496 nan nan
79.00050802525821 nan nan
79.10140568036682 nan nan
79.20230333547543 nan nan
79.30320099058403 nan nan
79.40409864569263 nan nan
79.50499630080124 nan nan
79.60589395590985 nan nan
79.70679161101845 nan nan
79.80768926612704 nan nan
79.90858692123564 nan nan
80.00948457634425 nan nan
80.11038223145286 nan nan
80.21127988656146 nan nan
80.31217754167005 nan nan
80.41307519677865 nan nan
80.51397285188726 nan nan
80.61487050699587 nan nan
80.71576816210447 nan nan
80.81666581721308 nan nan
80.91756347232167 nan nan
81.01846112743029 nan nan
81.1193587825389 nan nan
81.22025643764749 nan nan
81.32115409275609 nan nan
81.4220517478647 nan nan
81.5229494029733 nan nan
81.62384705808189 nan nan
81.7247447131905 nan nan
81.8256423682991 nan nan
81.92654002340771 nan nan
82.0274376785163 nan nan
82.1283353336249 nan nan
82.22923298873351 nan nan
82.33013064384211 nan nan
82.43102829895074 nan nan
82.53192595405933 nan nan
82.63282360916793 nan nan
82.73372126427654 nan nan
82.83461891938514 nan nan
82.93551657449375 nan nan
